"Mean"	"SD"	"Naive SE"	"Time-series SE"
"CACE"	0.0281318559196496	0.0172048978911868	3.14117022485868e-05	0.000110167218991774
"alpha_a"	-2.30599542429124	0.844920883530906	0.00154260742405691	0.0331959383721938
"alpha_n"	-2.27241498126204	0.538379582087087	0.000982942138697673	0.0205236310198827
"b1out"	0.130715839817729	0.0197338399442404	3.60288976121898e-05	0.000210530505971775
"pia"	0.10354401387797	0.0777162146230301	0.000141889746109821	0.00282844848811098
"pic"	0.803611670281525	0.0831159819796583	0.000151748327398172	0.00304316059267394
"pin"	0.0928443158405045	0.0482408876404063	8.80754078490757e-05	0.00178936496553858
"s1out"	0.222743135365684	0.161921739248565	0.000295627297123029	0.00362154664759015
"sigma_a"	2.89884431539456	0.958061724732202	0.00174917339372711	0.00948174198954339
"sigma_n"	1.95732399384458	0.620755797461645	0.0011333398432395	0.00733546949438453
"sigma_s"	3.351135549402	1.63376223382761	0.00298282809689137	0.0317245406860527
"sigma_u"	0.308889808968481	0.0935170091052032	0.000170737917991119	0.000677893582764106
"u1out"	0.0874648704533694	0.0158922804812118	2.90152016991959e-05	0.000124460042456118
"v1out"	0.0698874222134135	0.00721921774109647	1.31804280144668e-05	3.59071387219262e-05
