"Mean"	"SD"	"Naive SE"	"Time-series SE"
"CACE"	0.0380700734222605	0.0242540579558182	4.42816488447976e-05	0.000215949453039066
"alpha_a"	-2.10357436188858	0.763298796749719	0.00139358656365457	0.0273487384331034
"alpha_n"	-2.22697485457496	0.561068943217118	0.001024367055052	0.0216365332124643
"b1out"	0.136901365171292	0.0196287169213155	3.58369701089596e-05	0.000205900243280871
"pia"	0.117755826943148	0.0783769351961566	0.000143096051316852	0.00265857210097279
"pic"	0.786371876489678	0.0831045377886535	0.00015172743325962	0.00285133228892148
"pin"	0.0958722965671736	0.0509188623202889	9.29646983177403e-05	0.00190797757424021
"s1out"	0.189229799779555	0.127460190515636	0.000232709405097734	0.00250473537252977
"sigma_a"	2.61721363363082	0.783864211522914	0.00143113370224034	0.00731219572527886
"sigma_n"	1.86570160477087	0.564208243542404	0.00103009860706181	0.00655035852800286
"sigma_s"	2.63315926990016	1.02714302129492	0.00187529800849079	0.0141059654870817
"sigma_u"	0.521132942058133	0.11695287778426	0.00021352576442528	0.0008069001396311
"u1out"	0.080094705972517	0.0217395143030497	3.96907412432885e-05	0.000234450251629713
"v1out"	0.068435594207022	0.00734491851955289	1.34099251873219e-05	3.85826764756288e-05
