"Mean"	"SD"	"Naive SE"	"Time-series SE"
"CACE"	0.0335760966070405	0.0215692789561779	3.93799354447338e-05	0.000170873851055977
"alpha_a"	-2.18895697948189	0.785909288849362	0.0014348674855188	0.0290215052508175
"alpha_n"	-2.27429998683642	0.582371693347189	0.00106326037766246	0.0239971191621091
"b1out"	0.135068742733468	0.0197135652898258	3.59918813269615e-05	0.000194552062340595
"pia"	0.111132885271711	0.0767416676213161	0.000140110474855862	0.00260461525552105
"pic"	0.795834000353444	0.0826219518178935	0.000150846355852551	0.00294465027126217
"pin"	0.0930331143748447	0.049155148224472	8.97446116668444e-05	0.00189710011183833
"s1out"	0.205883049035114	0.151598978009752	0.00027678059983557	0.00323598814796391
"sigma_a"	2.77267307353349	0.880144006737944	0.00160691575447784	0.00861088643035798
"sigma_n"	1.92579998071719	0.606927430670565	0.0011080928151564	0.00749800743591442
"sigma_s"	2.99233461109004	1.33698073718526	0.0024409816956875	0.0202858908172077
"sigma_u"	0.438155529191655	0.108891936728081	0.000198808566921317	0.000757525449991569
"u1out"	0.0829923028554782	0.0197694835872601	3.6093973703235e-05	0.000190265978815819
"v1out"	0.0689896446634566	0.00729282449012276	1.33148149372212e-05	3.64012973045693e-05
