"V1"
525.66603643273
524.826337587295
534.07315023581
535.509349681144
550.753212666882
534.435566461852
529.55243561612
535.890642189821
539.860466923473
537.463532045557
543.856847194886
549.490845319422
535.238775247799
534.200650604258
541.625719931024
538.75923702936
536.208069279504
535.986168232334
545.502517514174
533.909773715829
534.092598202067
549.217334247891
536.203153704259
543.689622614551
536.006910975505
541.844782252269
539.534531400851
529.953388684686
535.565696771298
532.9115217042
539.970163071138
534.407141053055
529.018695780603
530.801271015498
527.898651241871
537.047356830562
538.442597803546
534.800746859696
538.301932950135
544.849054503476
546.693587215758
536.773665391833
545.500466946509
531.91538871489
528.370128522959
530.517271752147
535.950518519456
534.583353733686
538.196000704489
540.818337998299
537.459589136132
543.331743891538
539.374935960899
530.848060403314
544.975031305762
549.41378072405
552.508170364858
536.122897280326
538.569052288527
549.825691481699
544.202688066896
530.216925819341
536.08305625734
535.515498058829
538.691990792175
524.167846950712
548.004686273851
537.17265218437
541.981374743671
538.833103418499
525.027045969082
530.250603223027
533.604380851648
530.701691412746
530.020756883596
533.981763463378
534.088193239147
541.778570904733
539.316541732488
531.298921031756
542.809918859643
526.752719733993
529.471474613801
536.214461417588
538.494308508463
540.875232656326
532.7090905645
534.668534959209
540.712478913359
549.227833775672
528.525570503385
532.20759858544
550.438371394598
530.731500470353
534.975280683097
543.632716498196
532.37564853567
535.052173250333
537.295535426358
536.166223003755
541.154263410387
535.441174305958
523.135499127079
540.287867341705
537.625030940379
533.226500901595
544.609363860992
533.74981455669
534.91972744033
533.298994179305
534.585366846731
542.899312984241
536.009017637261
526.506826087769
544.983949348159
542.374812911676
537.367935078568
544.047788267799
556.622180253434
536.725094526112
536.863729762548
535.446535319852
531.476082832047
543.224285038208
539.197354442525
536.857781129894
534.751344630094
541.653103544308
528.271329740895
537.241690870146
540.155913147909
527.07660875518
536.130942994768
539.851640169625
544.159282950454
543.056588641559
533.489710097139
536.970995748375
545.06258204855
539.936590574721
527.553291069365
531.194403772745
536.989790314217
546.191112424432
541.219564903457
534.878704379423
523.984661590309
533.829763902365
539.977058966371
538.250938855159
537.35937671704
548.051073465384
532.343583469043
533.420609552158
539.404495882919
538.081577410849
542.189027680037
534.14912373248
532.576098994621
537.414026901039
547.079347897594
530.267953474308
541.473911415506
542.01042304376
530.501761754256
520.261522114352
531.820008642642
538.314942808491
534.420290977424
535.053037930536
536.59630541917
546.074369989724
527.324882399833
536.352249168539
548.18841778001
542.616465811063
543.753879281973
532.841954776
530.638988554655
546.725283243464
532.441379921052
528.094300784559
537.336927310078
535.653491740506
526.837214610028
546.784361372109
536.959351053917
541.398125118362
532.785771046994
532.051801533049
533.637826194954
542.476759647952
533.458538890655
533.037836173253
551.174279682934
538.10330994765
529.524623575362
546.474596425068
530.396780144051
538.88344203773
531.423706643558
533.527277664153
538.356975730676
534.801396471668
538.836716049273
539.508552482468
543.606862021067
533.764030935577
529.8786901738
534.205834826582
537.420867455758
536.198344370905
542.743633737143
545.891383131673
537.769206376602
537.641028099947
527.02083343407
542.434503715858
543.323742279426
529.659885141368
537.379633125891
541.683602950082
528.464383189037
542.985464504122
551.413008379093
547.750553187958
546.457773628574
526.105286840919
528.411255230727
527.802900480758
535.684218763237
541.919121616074
533.326415827014
544.402778400494
534.509521429595
535.74437311154
543.990644089204
534.984049602323
544.580333827393
537.442176808033
536.983775532158
539.764035813419
520.097428579448
530.371410770183
528.633453281927
531.269723549647
544.223595343046
531.528675986436
539.723876560606
541.27321285468
532.842317138034
538.946579728243
529.967917674654
535.335159970452
541.298914134995
539.938796843981
544.437974239007
535.438761501853
539.49577160587
543.068003292774
552.948567522903
538.069077085982
534.471920581677
539.69738801714
526.871502129066
535.062745681743
545.732349905375
536.201692067422
533.468177641244
535.791963819801
530.640959876511
539.26160278017
540.06598343018
530.94447619502
539.583774719049
534.34734300156
535.350276757125
538.848006066173
534.913207514816
537.702063504933
529.007872827891
532.762770201223
530.201937255869
530.948182986552
538.091471707734
533.806321072882
540.155807432122
537.564907418257
535.420915985893
537.851802480383
533.60340371568
538.706294403085
541.907461227056
527.715047603498
549.448445545407
546.428720018888
543.98172820548
545.227254831996
528.867123237441
536.155010780417
534.843834304718
534.697939901355
536.550036361791
532.403712389628
536.801106317422
527.733993873641
529.559113676354
530.520855889938
543.664429097275
536.774345265629
542.997652239193
538.67104747546
535.783186444063
532.949942725782
536.320267973086
545.306195601272
545.98819563622
527.254821792163
521.569253302896
542.79319569531
542.941766318201
522.883503195843
530.779318961943
541.593818873364
547.560641363207
547.424600009036
527.647871420203
537.77852923139
539.030432379403
528.234216410991
533.043514623659
533.471925379155
536.952392515943
533.488191202455
537.675353095333
533.842008827319
524.34564196877
531.182841471461
530.620860517573
540.1492599373
544.554201995894
541.528200128015
534.677664264951
537.172277503625
537.724114887191
538.018432222113
540.536806120173
542.252322124955
537.90972525188
537.420794360151
535.229459299092
531.644272230623
529.352129572207
543.718144861703
528.335833389562
534.710330784102
535.531014701347
535.765757688371
535.953231481226
534.176715700144
535.278527637686
532.555724359425
540.265756031921
549.628937998487
524.55525818022
531.884027212693
532.16240111556
529.955542309032
535.252327175523
535.908629630434
534.3872539163
532.490053762803
533.474170068481
531.004096986271
524.505487210316
531.965862193907
539.270238529669
531.129538323826
527.493888518443
536.645796312487
531.410139331417
531.450187960407
528.726774324548
546.830640547336
536.90601569633
547.526195911143
547.168043542139
530.86302464997
531.055249971853
530.708677647657
528.890567809367
544.749265425601
532.277754622095
526.975157299939
544.48089563168
529.031280743716
534.500301190601
547.314545518604
538.834891805679
545.51033348926
527.929356947906
539.997845190502
539.826636721173
533.386877286256
550.123961510181
528.820375301552
536.596016726304
526.038928131078
527.318120390959
535.410621726455
523.616562428863
547.379662654003
536.33826970174
536.752417513813
544.321555261684
526.699106163683
536.73703993388
543.950914599027
538.952671432421
536.583240954357
542.625752078017
538.074850694891
530.54465438792
531.005385082987
541.728166114735
534.244262703352
535.092860531524
543.711345022705
525.920055420516
539.747813750779
534.082489770901
521.73229878773
536.409072270117
543.645716875963
530.459456869447
529.802722142021
537.06030829249
550.125690757848
543.145433387544
537.928641487066
532.941595315993
537.035694271313
535.753178002259
541.284497235494
541.949173458522
537.526668243162
543.09432390588
526.18967228899
549.750898715412
529.707102830091
537.817340865193
538.153755171262
536.920583595697
536.329532890696
538.277779159437
530.695730574621
535.805743178288
545.706721604157
534.177386410911
533.820951739254
534.408478614994
530.967626517901
532.246598467458
542.682178186968
538.363936574239
536.36879638292
546.380985837651
532.578500751614
535.004979005574
530.966912667879
534.57181226252
535.607887395212
531.193346516401
543.484808426636
534.851359513014
530.63911926167
527.133768316565
530.143518453556
541.00378682649
534.808241573346
540.503848745668
546.95768368549
530.794967510521
531.678828416534
541.863799278787
533.348306501777
542.359656606837
536.862141387414
552.738903658896
532.724406141
545.492701378664
537.849131788887
533.98169128779
538.104752346965
539.008729390388
533.980529283691
539.921605068848
534.430517706644
540.46250821099
532.953971504813
537.160094284023
539.794533622835
529.036649637611
532.502453731003
533.870456562471
536.330956725372
528.294949122344
531.86818248252
532.149704364966
539.614302325607
535.236341759216
535.573489136279
540.134277632791
525.585584789119
545.971204777598
535.872812453115
531.058949318119
536.992002732775
536.030406817956
547.938585158502
541.484248266594
535.789181102673
534.357941097125
556.345018897306
533.663429741655
539.583694654262
534.842961585808
529.599847470388
536.349652085167
533.222651378712
526.20443727096
543.930947959818
531.063947329115
545.753873641167
533.858476113237
533.020622225271
543.770117838808
536.082904394191
533.374259541217
550.52395686
531.839479484919
537.10671466084
530.470989911809
539.716253546509
538.779740846245
532.485199888011
545.251280060443
541.61260581467
538.193250111623
534.970229376775
534.817024246764
536.871466869183
538.386156192848
527.766124435935
534.70605042769
550.465281151044
535.684759214003
538.795481309166
531.299184823418
537.933925574024
540.472789498521
540.238618549444
534.064170701329
544.258267364644
544.230472405215
526.479809628892
527.124648571525
536.011778654069
537.507897422716
534.433665533667
533.068603276157
533.600984800831
539.880743552869
546.708932150307
534.102904203601
534.639800303323
537.521014272997
541.301046218043
538.768434055908
536.489005217555
531.881562591876
531.048444730598
530.215349726863
540.106767199107
542.116092283553
537.419633136195
535.741049866466
536.918163244911
538.404545834173
535.383466061019
528.720801109571
548.591075196681
536.724458513473
531.789806907249
538.770059018009
546.339170545794
538.053351264382
542.774769095886
535.174364910855
535.780228194035
540.820572683092
535.638245425074
531.070376784723
527.26574861124
530.458990650025
542.258085397777
534.930944715269
539.484660576977
533.321136529761
545.698847077228
546.44498477373
536.045068247483
532.627395625931
543.997066243963
529.902608093328
534.795777922511
529.734557504665
531.434662007165
537.454379678818
535.783978694732
525.243286269581
541.469326945983
539.995640135841
537.666040219082
534.794652652835
538.020926977552
548.097184400171
527.359185907028
531.476130182672
534.21963642947
536.145991459144
524.761780547914
531.443903754768
536.679170884895
533.814578810785
539.971619487059
547.274314076781
542.431380523579
542.133049185289
544.761972486173
534.330514467759
542.59804663107
530.604633861397
538.134832141041
533.318347006844
550.704996252803
531.291673331935
531.579071130208
534.227127500715
530.259731814109
543.297299983765
533.580607429793
529.259205589779
541.57581728858
546.361841949029
536.674049839466
529.820498206146
535.881659678301
538.470380970316
537.681888209011
530.534404775497
533.341319340909
536.103044616669
535.023811056131
535.488161387674
538.717977808428
534.764929573386
543.470536084018
531.171878983113
529.497012099715
536.434614180697
545.919304139375
537.425151501869
534.705800748423
536.053729665897
535.569845936475
535.076665503438
532.183506257168
531.569993280421
539.809151448236
533.713302099908
536.946981001456
537.737986299966
541.877570696538
545.175182954323
531.246667615647
531.793215165996
534.510806695145
533.025220120574
532.700502050004
542.485870742667
533.464550347664
534.484977232495
545.94856704705
532.721755600174
536.267773667349
533.494766994311
545.988538794115
553.634168333305
531.789670355541
531.094064313784
532.969747265192
545.612897876798
527.348081863982
538.123719530347
534.087720849318
535.800376059668
532.608323202535
533.922728713021
531.079410438848
533.906839308194
531.951215164095
529.954621778741
543.425976470015
537.246766459425
541.500173790479
536.163662197465
542.184013980816
546.617881878294
534.479740331001
523.969870052599
543.161864568458
526.699879419539
534.175717225876
537.830871324228
530.227060304654
545.468821146042
548.488127496214
543.414172975405
533.704882405732
537.19021027736
548.188579990357
536.815062352226
532.498118514787
531.703122080803
536.998874570308
537.783304451381
531.954387331832
537.063376189171
534.739753132644
532.120587858961
533.993876224122
528.931193336181
539.604426520865
528.562124530582
530.821283394099
539.158834839639
535.091118792958
536.941489055848
532.562753349196
532.62244803163
538.994308666629
540.065482955989
535.669799538512
527.816819269223
539.94534913439
528.531083712619
539.948184869743
531.380951911028
529.726633013461
533.347987268929
537.16220646854
534.59319951757
532.624097494478
520.564216916123
540.447392042147
535.169460188728
532.676699102796
536.842874023947
540.50752536122
536.269952434084
543.467533919448
546.270396393614
533.434896077198
547.850850734662
531.336827042239
542.220154099467
544.19124239888
542.448858182922
540.84854222583
547.255796000579
533.841547462051
532.492301781124
527.982067354196
529.175465259216
525.25845112903
532.346346525024
541.279725089083
539.865180426431
533.213755381872
534.826286477854
539.677298056305
528.74272288307
539.732183368327
539.186279541037
523.942983063396
533.488318163756
531.825658036646
547.034996594552
542.011591558749
536.057824286355
532.11997046102
526.454175557753
542.891289562119
534.754101945522
526.484535812667
536.704281430683
535.494553295815
532.502320785761
527.30749425334
535.707707431875
538.761582062776
538.298459139027
533.356230628946
542.757587869754
534.969795986941
528.402183817851
532.085118388135
532.580534656735
537.204675645244
530.984436576223
530.809377693387
544.176721512643
530.054746868911
527.532833731913
542.52208228243
534.511838643237
538.23962890188
536.420910891683
543.252443048951
535.843867764035
530.288842510173
535.24656209379
548.008642316271
542.866708946839
533.983516123649
530.524568982291
536.94492417252
534.269672750774
542.404205619105
531.118340354958
545.426075008098
545.777789560048
530.16169514829
533.096325523066
542.071610532141
538.97650444673
527.966799751639
534.635196473462
548.089454495774
540.092899494552
536.604766593348
536.831121727163
550.12881160826
531.429325907135
528.416166405112
534.567470082498
540.986417827939
523.421051057945
542.650232203607
541.95633737664
536.711844053945
538.246923052386
528.514658424526
532.590704205534
535.797509979471
545.919409996591
529.143098785724
532.898471640483
540.615237351994
539.287654338201
528.536299034817
540.780719316001
539.051270494933
536.723190829193
535.191569037906
537.172915352074
538.813034060182
528.883063321533
539.798675690427
531.918338463832
538.966732767684
547.432682499589
528.96191663935
534.268901121746
535.06933950317
532.617733653808
529.58160784167
538.345270706255
529.192074753142
528.855667003829
530.447737112453
543.022808572588
540.60930787417
531.11504166764
533.153463189111
527.979831253827
532.673113580401
538.535147063306
532.75344918284
540.399153064246
538.471419316214
528.135854293369
534.031413481115
535.591431520808
545.118918827061
538.028340431056
540.532143411511
539.617627641518
543.183335408457
538.321013912003
527.487503718679
540.351260756709
533.913763720021
536.972618290292
534.865719132639
536.585696649198
535.955278017232
535.706521509445
542.407643509288
534.771962933842
544.343656421901
541.565129719625
536.388136057243
534.875572839622
551.501786341576
532.135757340644
538.567256941958
538.064606786806
533.428968357604
549.570557905511
536.846012617268
529.82027393676
544.279371080105
531.126472557644
539.403715820323
539.868315213863
542.46062916685
528.765040725256
534.268399254073
537.362752224791
540.529341275755
544.84366602112
532.700584628293
539.631211352957
540.864926424443
544.633520532696
534.058820188484
527.610923423368
527.290870789993
529.232474520276
543.740253531628
538.380718635067
540.625235846572
537.763672242232
538.66489389929
541.660669904255
539.804990709479
530.485077994644
534.567446449199
527.342988370218
537.657505754742
536.22056977609
531.902953222905
534.295162360326
529.088069419518
541.419601898355
533.321251093285
530.939872132697
540.856398858764
536.353120546247
534.410849357874
541.44019465697
535.310672838623
542.024895822554
535.4568111582
537.346754806446
537.934468385957
533.066174886514
535.01425514417
542.518647865074
536.731040937429
529.272668216972
532.757187339335
539.068819617427
534.456884241845
530.581024186883
531.693192225526
531.698819459988
531.818501324112
532.121865410031
542.311360130008
533.340801860848
539.292343421595
537.416932978431
530.549607565497
533.513090970808
537.406424609963
536.952419892112
531.813699821479
529.008142179128
543.083592978898
532.294814286261
542.144095552994
542.269214283099
537.656690623829
534.730495972218
533.986824210715
542.050030418769
531.708451671661
530.980905794281
529.082676312206
549.997123269033
531.554848506564
538.652340042152
534.689036302406
541.198614506754
528.096777240008
528.437902318221
534.839667136922
536.810110446169
521.997699388961
531.356822705231
540.538004013325
555.65861223175
531.394224485593
530.227089496508
546.998103034606
537.779594754929
539.830156570116
538.630462412744
529.755977735163
528.51424643981
538.508144712405
530.660239017674
542.962905460918
532.40085605398
551.940448720871
539.132618758478
523.624864685706
535.358830414939
530.842473725853
537.512799105671
536.128850702637
533.096571029131
541.279608830263
532.579629265147
534.028219573846
541.386386875089
543.243717233974
536.0623069468
534.611261050666
537.275641901687
536.029893566962
531.000502887151
533.078498618135
541.593516268347
537.228420107254
529.750134469403
535.233838410968
529.603381302281
534.265948317107
534.898542616432
536.279689657453
532.377233627051
546.86950264487
542.65842319339
535.605667535469
531.750908547223
540.599752746167
533.777135456301
545.239933987571
538.16847549106
538.947085527526
535.071053639347
542.981044407842
537.123991330626
548.335444544695
543.351546189216
534.09022404916
539.706005856511
531.328034452598
538.365317555509
528.539802438295
535.978415123232
527.754187409169
541.857827403906
535.591806879527
537.093000133043
537.320320217029
537.749226480195
539.57408764169
527.570888375907
533.131163207559
535.564397412746
530.891239459517
537.122525099703
544.447651845963
534.562257795696
538.244675625236
527.203510567074
530.657868135966
530.810454158013
533.414063277359
537.00527557778
540.185685366211
530.067531856712
535.375035020237
533.038416714629
540.799050409006
533.768653354827
537.374065960299
532.395008380795
539.367283192744
535.491274759409
538.481467372986
533.727123260654
536.57072694068
524.535097562052
537.799340271428
544.838626747024
535.122391287825
538.283540280831
529.833762657256
542.858807340091
528.239919458363
546.900308192911
537.298872756287
533.717771762243
535.712938535749
533.017834040104
532.588705236125
540.924238932549
535.373777077414
541.375383990327
542.555365068229
523.839977406848
540.014636708853
550.2918870715
540.330607554374
529.752841935415
533.4625759357
528.016203405857
534.467984878567
535.064378924714
538.078043754581
542.060592102708
539.845782677771
533.463634284559
539.763768857493
548.972441639783
532.463202048112
535.593371731584
529.832476757649
544.079157180312
530.830489020606
529.478924304075
543.588212491224
539.805582146143
537.517188800244
534.458627787963
533.733487698697
537.114689478523
528.316957931296
543.281567810226
537.369419758034
534.832333442226
535.265996236167
551.042378419177
535.10282963084
533.215280343352
539.505400562915
533.494890731595
538.997112182596
540.490706227655
537.798556477542
524.866965915672
530.400668806713
525.600983630659
529.602651529323
531.26906549168
542.262172231837
527.991626042307
539.130505677282
541.211186917214
544.641882421008
537.108941290229
547.853444884934
523.818867894879
539.048890842026
533.201398720828
545.457072672851
534.9192196189
536.008397586343
532.946684963521
552.16053173532
534.31281180514
533.597327662525
547.402896677404
543.451800341539
537.269054390275
542.586438821819
532.661138560956
533.471595584111
530.896010733323
531.172423519333
531.666623937808
539.57604618765
542.571587082618
531.275875182243
531.472302391237
537.526937270477
542.405052934504
538.891059482855
538.036078614908
536.66884617215
535.799435462796
527.883285152933
532.787412281331
539.696615460602
533.769661036957
529.317378079393
527.443069536931
536.239269185739
549.888758104088
528.474702950421
551.265319869391
525.349263666566
536.030190863943
538.035598393711
553.762241843098
541.560346281115
530.785704463263
525.787773531884
541.63418501833
534.979238363414
540.712862801864
544.265649175368
538.197038245328
538.060606199474
533.927848483259
528.157970906086
538.46205407608
533.520987841602
535.714179360099
540.608534256235
524.736409899971
542.144408468478
542.393411293163
536.630843751629
522.136728672326
555.049573252882
542.50542099758
534.20947182879
536.805851836378
537.201674036225
536.199273348547
539.789986540775
544.915002220458
542.117756386688
535.509551159225
539.398163557988
534.503616563134
533.190144168783
540.944254227262
545.286740668526
541.899728227244
544.230154299614
545.911744559124
537.308324751516
545.558653493541
540.826823143333
526.868495208466
531.753195695283
520.196751399513
543.294218572948
537.718606764277
540.927151373537
531.849848415211
537.837453328525
529.959944239893
542.08566203193
531.541551503514
542.881722369671
530.950303316209
530.767682437341
530.909215522585
537.485254166338
533.430952280311
546.962445584072
533.138911109807
548.389586533046
536.709124679611
530.29695114469
532.173520789571
535.980857327831
536.14056649312
533.034690971201
536.299267406621
545.243807989172
535.202045595568
541.288007154641
533.852918287104
529.58569367809
533.665545285989
534.097567190121
524.016220952867
536.384854085942
527.232981459757
546.18256143002
533.497324913028
534.351342046146
540.326250043232
539.957855478864
530.86164306682
528.259820940818
532.350100724715
533.454379534357
533.341342810942
533.556002088241
538.273871492946
533.673955994036
528.546508526048
538.485449837863
532.111119469343
532.815365181209
544.256395625736
534.24539648457
537.655334764817
532.937317110428
528.198534221293
528.789646695475
540.517207051494
526.079283465709
532.143754463868
539.366303104473
538.546363886063
532.27081767188
542.69564998868
543.495980996554
530.131579077253
535.768777293321
537.386690919347
542.663748762585
546.085219268093
533.90325071944
533.025422072096
537.320547212561
547.253852051959
532.265619163255
527.87488600065
538.31462060069
532.459781040923
552.199901753173
531.229000840551
528.985642119732
532.7508814641
534.23344310606
547.734003667394
537.800799117095
531.024304108807
530.296129004531
533.523229645545
533.786431914711
533.726561885027
542.640410514177
532.750494726086
554.461795323393
550.5473537965
532.796731276999
535.899897370151
534.78502367924
538.284609437302
538.13019320494
542.810274822432
530.050705661119
536.433380943937
539.924941612739
545.769703297392
531.944844064821
528.625303939974
536.6158078323
535.216816581013
538.146159648363
542.229880839933
543.495372514536
538.15513090519
533.594364420277
533.570004051108
536.172187947386
536.974988153147
540.081271172736
533.578831547097
535.349503973779
547.343075663185
535.016751750834
542.137343386184
532.293109287513
545.200088091942
534.434231629335
530.50534636358
536.129384841935
537.635380438505
530.314938530408
532.77953420566
529.194285491357
538.711068746938
543.911564803474
546.030962689486
537.611449765955
537.97390688662
536.518125986406
542.559028869701
528.757325162245
544.076941342229
537.290531122207
534.152085961081
530.065379810929
533.56204871033
538.223927401429
540.387377248121
535.836387599262
543.169698065603
536.437031377721
541.16455138189
540.896125061423
536.159480642263
540.314218314547
535.528966831719
547.148104296551
531.078780956106
539.303286978519
525.152330156061
534.521661450542
532.026719992786
542.29865728849
551.141377385896
533.009258966034
536.843804124285
544.862420912491
535.386792072076
543.693092519454
538.881139238483
539.563842192675
538.653159289665
532.667347433049
544.995788393366
531.643954727062
537.195468284172
540.633703280187
529.319301736875
544.885613656602
535.366196714114
536.123652827467
532.148449418758
531.98720501215
538.532503166579
538.140142166384
537.303236101718
548.441987500028
540.349211145968
532.038126540963
533.765283989811
529.510827442318
542.505248251371
534.258762154386
536.7210229582
543.357623908029
548.957698123646
547.794917488389
539.647593858154
530.164047828963
536.642872566612
541.833341960833
543.308167593819
548.410324522894
543.221282168966
530.731827759684
544.967774043061
545.439641470291
539.639039910284
531.163451667719
530.474143018261
531.502365629315
535.333364104451
531.336267115981
536.330678514227
547.812971280904
532.450629164093
533.972845716074
531.901142882264
532.730091022425
542.324818002602
532.010113423059
541.125341563257
534.59478240167
534.375160229033
536.743105359322
530.171269479523
533.620429673573
543.746656889549
547.668337625395
534.517159994442
534.290978090457
534.5097975882
537.925166819882
538.177541812169
539.830946177155
533.504928900752
526.837731161317
537.455065678435
538.734161835824
545.981829320237
544.894632200025
534.881391060092
533.770786542939
530.862062788646
530.437827533892
538.272091355704
548.052429565699
540.323607465717
523.155983569054
535.101613421252
524.931851320134
532.083837075115
536.776953937784
535.94732123279
525.093793102969
548.837751023325
541.219709918671
535.398378275025
541.881766458188
533.448193457487
540.909397292213
541.055465458444
535.702377918255
536.077229305651
541.435219278843
532.995094890457
531.837299818382
541.833555370937
539.298747871819
535.552081646224
534.719075270385
549.03333634853
541.680337052472
521.690517159719
542.78633370876
536.163566063344
536.448881232111
526.603780426256
535.459985588963
528.467766495104
538.826844865856
530.549095097433
540.923781249317
541.224222799574
531.014870203883
539.808163486842
533.525008528297
526.780575450941
543.225589914623
537.323583536059
549.096749301894
540.808709479655
529.094456997991
540.191050555752
534.903397454049
537.135655760954
542.117102899296
536.248630566392
537.139458202244
547.489117213549
548.928664063339
541.515859861304
544.157064848823
537.52116450267
529.563840541009
555.375720680008
534.883886169772
532.094360013303
541.157549425538
534.917482891224
533.312291353939
534.024197269355
534.943639666111
529.404009334883
541.702190492514
543.535736265336
533.21351394674
530.388457031209
533.703123356445
538.912823686879
532.155456607568
526.902526059224
543.352139101669
537.590159812213
531.36076402618
535.466190168169
555.625905145024
540.297698540924
546.880033346148
542.632984354276
537.194203842848
533.075410339362
539.76488900731
541.851223121488
530.226904078825
535.098725077231
530.987427937095
536.764934063817
528.485159916769
534.798218591224
531.44663615506
532.622759954832
545.564321644514
539.057958258437
530.861038449001
533.463499966359
534.174470442478
530.908187284368
540.850438559479
531.687385595493
538.475613001377
537.380413518785
527.206052904961
538.236462055139
535.542829777127
538.182434354128
539.928587066032
533.084881217003
530.490882130385
536.239267785295
536.182994630745
539.107797126122
537.249189246847
537.285965388333
534.740712495741
542.008835382794
546.635978767563
533.903883572721
530.838772804997
537.582091445706
536.485019552332
544.47153215464
543.333935511692
533.726659118889
552.638244609284
536.069093212043
535.903314585987
524.058398367717
534.316320699907
545.268082590975
532.501835551988
541.49014001329
533.73907902117
531.55257390812
529.935865178624
541.534752269655
529.348866826161
542.681386042941
532.538361721256
538.94887951103
529.404523513669
542.879794865387
541.371974910226
536.549671085226
531.615786230751
533.163510284888
531.841519789328
535.472752655435
540.707862005947
536.325830515562
536.844830496908
542.073980688554
539.83751370602
540.161010880524
538.998643411395
542.16569881137
529.510637746732
535.974298345528
532.372482229613
546.08726142535
536.521156014721
539.32171751824
535.055319560718
529.459501320059
529.170986422252
535.208839942828
530.654925814001
536.276861417087
543.160501233607
537.069726979768
524.898736560767
536.021897698108
536.152622950102
541.810093620664
530.21084220501
533.585167666563
540.866455289894
542.518785658722
532.103379178551
534.977248217038
534.962646485317
538.613351757162
539.945337157726
533.92459883677
537.789182738627
532.122568851958
529.368140149356
540.037600139994
537.26580113741
535.752334506643
535.05630313967
529.255845812846
544.10801695085
527.793898654982
531.762633942694
542.849592183121
532.317343553302
539.000778338914
534.802427674929
530.757450966203
532.306789488537
548.439713911417
550.237263073987
545.525837318729
524.8372119071
528.973558062461
534.604044300382
547.912538263154
529.088434516157
536.59642950394
544.810064202011
532.191122995016
531.178548437648
536.940041662612
538.604647764398
535.989727719011
528.822185854033
536.793312757917
538.134511945372
541.963672978812
536.01307302815
532.325538788749
540.525301503329
533.690637503197
550.180774811192
530.61035370115
529.021579700959
527.239481935605
545.245132440723
544.017675058024
529.130565303363
532.025943572326
540.457479229747
535.386048238377
540.624311646813
523.924687532945
531.84102212059
538.44414911701
535.305931891437
536.48849258169
531.871368526249
529.505549387212
532.340508076634
550.497674001451
528.786651344776
532.858168570843
531.049607793681
537.075179036401
539.439578745631
544.764280422678
535.139697330117
539.898951262298
529.629771904651
548.035642576018
539.643704197936
542.836844095016
532.07404852385
534.143239951775
541.76655077065
534.802063205277
533.338757778536
532.001216546871
538.755509074667
541.003697388487
556.244085257557
543.981266664337
556.744693059237
544.722517213347
532.602788754393
532.91518448435
541.637493687652
532.857608113209
537.588963971457
537.40618098826
542.155734108348
543.788449644827
537.890761173018
549.402023374502
532.509132838541
535.776703364627
547.947004272488
526.042413457401
532.55959187321
540.791915290754
532.514832697751
534.361958322493
534.857833651819
536.493648174059
537.453508715236
533.816737464656
535.33119272472
535.756122384325
537.287608740319
530.900909374589
535.737398617411
535.390066418706
534.082956963453
541.261810711703
530.301186409949
544.054386482223
536.775343399134
527.884398836761
534.987424509355
531.679444083196
540.923644450444
543.667415136955
540.236685258651
531.042083034761
534.881237156151
542.953901984659
530.232967541184
540.584050231063
536.546549862927
532.340950955521
550.138036506231
553.360205971339
533.901015137747
549.869872135922
533.91050872928
539.665924673276
537.124796858253
530.301376361299
535.022458035497
532.859436726766
546.974415144532
539.56626029698
534.055032745832
535.763315753013
533.84168944227
527.85550251615
551.681435467073
535.775001624862
530.936627681531
543.593003287129
543.529440143444
531.448060035577
543.502565512524
537.401075803543
537.783270204734
534.736676045388
536.445690347309
547.344325496137
538.877815774383
538.630273639593
540.151008861703
530.707670154496
541.013117463799
531.590329945645
529.377832297928
536.937898724014
541.073645210424
538.503034297951
539.611208391584
529.445415146147
543.796971605204
529.525673539947
531.496250541483
534.700233767733
542.720831241634
529.45680893638
527.883282875384
543.41143762955
528.778895835935
533.6714417661
540.800879624953
542.766042946434
541.65705751248
526.302102115504
534.631280060533
533.841094324407
530.324319925635
535.831919722038
537.462559546908
536.69482365508
532.808249822751
537.372431825618
541.162166879539
535.107489103452
530.685281702231
538.674142079491
545.16750121636
538.050712681381
528.251007084687
540.792727170099
538.48768357155
544.827987051912
529.116314558996
540.234013030938
539.676670453441
536.7071095589
535.89436725518
537.203628744089
532.03964465449
526.786192782037
537.25417230993
542.839314754095
543.067760056477
530.198474064104
526.491867444157
539.469238079721
534.329617576626
532.825433217383
532.901587340632
524.670305917146
541.368635795116
530.793102956541
526.654982620717
538.081840289267
533.181308175305
542.644486998505
531.390686494914
533.871805114435
535.677701721284
541.142552517225
546.450287048933
533.854515543831
551.483517391902
542.728854074968
542.221734180266
529.330652300825
534.851979617737
531.600924242535
533.863335508799
533.849013561445
532.441610421243
528.281437898797
542.697874206884
534.792786454833
539.316187338798
528.915939627093
531.3566129064
525.956950550374
533.134743374578
547.040591085628
543.252813865811
535.552623807368
557.082378314518
536.140083942321
542.76308392592
545.221138250599
530.949707899998
537.204108034699
531.898919065398
539.879790222207
528.293013351687
537.189013607571
537.712000408236
535.511948243425
527.540282837941
534.189927030189
526.834327237277
535.913616457088
549.774142053084
536.793202584275
536.548365039796
528.91733083199
535.270202541212
546.126731880265
541.460153259785
545.051524567687
535.207857234214
530.282408526563
532.131262910003
531.290167537671
537.648381270587
528.825054804637
546.12618447943
532.856204038628
529.171560476991
527.464509680406
534.621268009623
535.592448316273
531.88481243875
531.704192927216
538.292097815354
527.545925561162
530.4180999172
