"V1"
190.837044904579
190.800057458429
195.41561528439
192.038899035427
192.102518410203
198.487291616262
194.378308259289
197.632716304465
201.655028153581
200.441465505663
201.238611173621
203.778112117153
196.924548803466
192.549508292342
195.861880692392
196.033679802695
196.436291252783
191.162371023716
208.971890564484
192.187200707976
192.90920442498
197.45672940902
198.228819865737
203.438910755668
198.280451664503
209.651952060613
194.722882347404
187.973080400342
194.219054904921
195.632699467258
203.215652746045
201.144711779923
194.506391608948
195.265399279928
194.093625484361
197.25478945022
194.512141204907
195.4287761801
197.274772810915
204.011084614547
196.039449130461
199.690537518016
205.177171246107
194.594417506251
192.488947557045
193.757040696845
196.936555262466
194.70727553219
191.865749905691
201.614954511479
195.451396583104
208.186527631852
203.450556132937
194.305148838591
202.135321543026
203.457464332943
205.805109807089
198.890787499139
197.901894155989
198.227495412084
194.315537598102
191.992533770244
196.102009692654
196.154751828179
192.369645721477
194.369696992903
208.293877663049
191.964146085816
195.410108543358
199.639903528245
193.164060946512
194.603042301692
194.318803830355
194.811956384824
192.072899474043
195.686551794421
192.508552962451
195.696481778702
192.155787863895
197.028039500126
201.915099389081
189.947369899412
197.351895856219
203.804915896992
199.111579975954
201.232167212041
195.425410150024
197.079199743454
195.509542715327
199.779570195153
192.964812186314
190.559884352987
210.699345141831
194.750598739912
193.962469859576
203.068051166269
194.715996352664
197.885542857122
199.923376871533
193.102565346901
195.451511858136
195.642426668382
190.788075307766
200.34877400841
201.851645187064
195.872449462985
204.812011912943
191.814650665967
194.251890838057
197.764568017827
196.486041625306
197.47616212264
196.046927872804
188.026965834887
200.196278185426
204.279847492055
198.902350907577
202.049600411304
211.930121471304
201.192246231616
195.626629569025
191.244464756111
194.772818183336
193.802201340439
193.847380133609
196.534133338747
195.463873630549
195.258048981317
192.059544055984
194.811662063261
195.507052151033
189.503533794452
195.265448060741
193.800703599417
198.751826861079
198.840429729779
198.629888222482
199.816859974435
194.680504233989
196.655828125425
191.929904012088
189.184143335091
193.982089727234
202.043263295201
196.614426702508
196.509759371863
193.235778862997
193.432402999358
198.201665809948
199.460515402486
201.088565713581
204.572951245783
190.387786952236
195.170112402113
199.724265406102
195.511169986684
197.613827953428
192.424050398793
192.494341581646
199.443624292338
206.678625847896
191.625962711619
203.191905541096
202.681871783368
192.218771253137
190.186990103587
195.571970002248
191.594620499983
200.033056887613
196.426480477561
195.518490111264
206.69183841059
194.172472634515
194.328448954942
205.374778086452
203.755552801292
196.173263329947
197.231260999978
194.729146277398
200.078082485872
193.393774972482
190.085668185167
196.376122317772
199.992288358645
190.606521453943
196.662273503798
192.847149718367
202.218585625117
195.239150138847
195.572797204208
198.292678743242
196.489613165981
198.286828793472
200.253692539528
192.727468962741
195.000339533642
192.811982671379
192.701791412951
192.975211129186
199.843905052871
192.254658822304
196.272555871478
195.756045567034
198.297901030537
200.323731291537
194.919202001555
198.574866671658
195.793943898042
192.7515937431
200.137507102961
198.190421269569
191.608789793167
196.789046843917
192.847219706455
200.940515370166
204.534530702388
191.631308253628
201.766014774507
193.866557643115
193.831874939032
193.300116350069
206.068913757948
191.911762482152
194.748676402097
205.30262964788
202.688303557886
201.104323563955
192.711518684153
194.862269789241
191.89976446115
193.545473339795
202.096546887143
196.660434606037
203.142020031643
198.374659359791
199.053004151875
197.97413036805
195.070297066782
208.144610573356
196.872754016826
199.411263579401
195.736839392711
190.589869023332
195.70099361043
193.090975646009
191.743173679118
200.72707850458
193.445537345166
199.831394555662
201.860691259834
193.477440634941
193.038398471153
192.025020850514
192.560447072553
197.490123238528
195.970917490701
209.801126223828
197.36811653813
198.98698308191
194.31793475897
200.346349965014
197.119722930323
192.820739966862
200.45217412625
191.73276539071
193.488330465785
199.893422517733
197.237022806614
198.296814861157
198.973366267752
194.691407274846
195.921155210733
202.816930335954
192.990560385671
199.603106201604
201.266773337708
197.173115229337
203.25240613618
194.560707323133
195.364201275483
194.248673441672
192.866600987369
192.895023891665
192.001633241162
195.641822298044
199.227453913825
199.376166057067
198.724619149276
200.424840413308
196.228014476196
197.574655398075
198.627629133549
199.04922680808
189.806786764026
209.403628901925
199.213024441033
201.453741771761
201.446804090461
192.682998844747
191.365811833828
193.997233746229
195.205264054012
198.146151688113
196.826854653974
197.239543191929
195.977592159803
194.890084870872
190.945824812786
195.623321145259
196.475090319922
199.450942012308
196.872554214239
198.669837131479
192.07878686755
197.741405492564
202.93340203016
201.182128068623
193.858109513492
187.552310977378
195.896046619705
196.95499323788
189.369673479935
194.724301700488
194.619408391402
198.182855097675
197.692982027374
191.159462354596
196.866792863943
200.742557548786
191.848357042143
195.681324937258
196.233146337046
193.727962326001
198.811420443038
194.669759572018
193.493843681427
191.570601478887
196.912634615739
193.328161782328
198.514462468639
191.043702101025
199.408513891586
200.966888137967
193.735309514145
196.807503917886
194.740525767832
197.520234080156
196.026931769856
195.564263233463
203.831134914231
193.693171535097
197.38524572514
194.933559976119
204.668439693704
197.685158400511
194.717234694176
201.225261265645
192.892566401588
200.034705059089
192.280308294871
193.625962630777
191.025336149826
200.455013490552
197.739555193168
189.889747071914
196.010631913861
189.160536068527
195.161036852413
192.750360603693
197.473593635129
191.453868406361
196.036966139411
192.650886155545
194.711800548182
194.516096190413
197.417351460722
195.37628782445
191.81689678394
192.192427656312
196.162173682002
198.041511635371
196.630839952992
189.961963435709
202.099404711707
196.31602765554
205.750214065365
203.598244077964
191.814872709441
193.208810338125
191.061099088768
192.899031787029
205.892329316451
190.951670531682
193.785208315359
203.492819095105
195.348810013706
194.303248447896
196.712218744861
197.170149837608
203.119782067866
194.45242350568
202.921102261962
203.474052639494
193.936397482333
202.573571534233
189.17180451373
196.454735250479
191.946432033856
192.900402949318
204.010061753874
193.105583044433
200.11484876881
196.397268693997
192.78965735637
199.36335673002
194.101603892388
197.178039731894
197.901322118266
198.160047486564
197.195286313453
205.531941874648
200.935303632619
195.624345524066
190.895884700772
197.264465219987
195.694982887477
193.272448478817
202.345365095932
193.644536023915
198.657454054928
194.04863626151
189.194546188195
200.590574366519
200.550358311977
190.188716584597
189.435458012394
195.313467043217
202.713900615421
194.677402564946
193.747943971296
195.435310743673
197.502079696785
198.444096580819
198.864923544481
195.957526826184
196.447905634543
196.610173543059
191.408127207901
201.12297924049
195.450123306859
197.272941077389
194.880452922509
198.364333310633
194.974526410682
196.84699842495
192.952186461641
194.44555894967
200.484692908701
198.291333704429
195.245465620053
198.630979967663
195.50371289589
194.686630120559
202.244126399856
199.161651540645
196.980805569704
199.439077002603
194.407110688324
193.624871699092
199.172518730436
193.507266621028
196.044433684219
193.258135070469
199.571201321433
197.070574630897
194.151690725289
194.108710392733
197.81447022629
202.62062813399
195.064825984928
199.690301018583
208.055191060032
193.27471001045
195.452791830948
200.347867695189
195.301619813507
201.51733039662
198.226718904173
204.837941052863
195.074297552311
208.295825117006
197.770949000652
196.585737000538
193.529770723994
196.816157969737
194.450461649319
197.561943581022
192.998495076064
201.29654189338
193.032227679226
198.266376007342
203.691943875114
192.477558210905
198.986608380055
194.264440706454
201.46210057421
191.467670856505
199.863602059973
193.94179816426
195.129740920345
195.055666404466
199.705873655428
198.319776066492
193.042426222897
201.797418842967
196.776053817438
190.889329470093
198.054032886572
190.156591508029
199.944976488445
197.516320648688
195.010083674255
198.128969272036
203.20555641702
191.922418262074
190.887925753645
194.725149962417
193.372358915887
195.800628162566
194.952597324292
193.313638218078
192.033523773749
193.77676842625
195.984032825246
196.091537423988
199.369336553402
202.52134301696
194.329499035587
198.775996360011
196.336808882022
193.277538605335
199.247426959304
191.424425190414
206.148483547823
195.399456066067
194.987825759027
198.391062690938
195.311285789429
199.388612871557
199.566165483897
200.530838816465
200.990846956571
191.027065775095
195.541244697288
200.534315843324
204.542094975187
196.658231108347
193.445571490368
191.922290744162
196.764907056471
197.552307002322
205.140736399491
193.819829807531
204.658896449862
200.613681829216
189.693444234228
193.959403858126
197.435363135287
195.824069436161
201.525441714991
198.990087933078
194.812770649268
199.34180249822
196.913307608066
200.861963076188
193.090455311754
200.250923758901
193.328727524734
194.956316663002
197.325584223742
193.613686269398
190.963912433786
192.281567084887
205.182818365336
194.036116062701
199.039130525098
196.409123261613
194.780699942608
191.500790214915
200.471458373073
193.465091137799
205.268451419435
197.200370529746
198.144834169903
193.358466347012
196.355137570277
195.118917442025
196.623561538058
195.028238296579
197.673203398981
204.111230017704
194.958858924075
192.425293271986
192.542164965122
188.022117933886
199.696501439881
192.184176583588
196.909173819125
194.912193172599
208.053008481808
204.49095493292
191.227285370924
196.416612534262
200.986934545113
190.436203282329
195.498095597683
194.526935226957
193.443241116978
193.467703663433
193.372781457201
188.140250803016
197.90012871125
201.829015794554
191.838151904563
198.792987380184
195.183928892981
204.656708952686
194.400806781632
195.674245765941
193.634619664853
197.345975314342
191.5971596078
196.25390602131
199.82145335831
194.314969111782
202.293181140245
208.56224522357
200.860027705528
195.65101981482
204.158438654183
194.801953360355
205.294790490781
194.491473291884
196.349324593213
197.207629668082
199.399316458189
195.43741354252
193.557983291304
197.25815314884
190.89207009595
196.900496579426
189.230388959056
195.387295530498
197.050200811411
201.006764859481
196.489263387264
193.96796262224
197.108257613221
199.905864622694
196.844923149239
195.015633799267
192.076670089878
191.08068344759
189.757966530063
195.013596646254
195.243967675399
196.500412131421
201.646280213866
194.052993900072
192.107569289515
195.51805694489
196.171754185084
199.4703149538
198.18985482942
189.236866942088
194.220225882596
192.762076206004
192.446760032743
193.454381211328
198.320367228093
199.568072352136
191.673814890685
199.683131731302
203.351621889354
190.999740914343
190.455566746389
189.494463891895
192.720028555439
197.914163883165
198.356077180825
207.319038621154
195.216095436304
194.753511963955
193.8063309423
198.132965756652
193.758752412208
194.695469328138
204.85444165391
194.888031549434
197.273887598051
192.185117973525
194.818294342138
196.991278524926
190.823458623213
194.93942916064
191.895844767179
192.497102785237
192.474998269921
195.463708895221
191.994469999304
190.388220112957
193.563018449829
192.371781240779
203.735925145202
204.05533799672
207.077205460018
194.901120558625
194.719076863588
206.89688814561
198.327576538521
189.970527281048
203.717370646596
192.685007079424
197.540471421519
197.556190673194
194.033140184233
198.564289116336
206.755191128189
205.406891086257
195.775686551131
194.540006585306
205.587598071054
196.85625339868
193.476566375865
198.433167682355
198.321955295923
194.727458703612
192.918530544876
196.675897760846
190.654802660593
194.045048516504
192.694530235684
191.587773042845
203.369011107123
192.405858854024
195.233485322077
197.960337206798
197.926114961234
196.638024908563
191.103569683076
196.359333133107
199.393277933992
201.79393449945
198.308127391561
190.506348852422
196.501844968343
197.677348418726
195.355184872106
197.767035185346
193.603644413154
196.727978624182
192.533190597901
193.482470673272
200.339151034575
187.448192417204
199.101470677813
193.676214965318
197.639004338935
196.044367280162
200.627221180184
192.406188471146
202.674883889906
202.188845768153
193.011440976859
202.806360550487
193.585367684446
200.910523315457
204.37253179351
198.37559088635
200.422300957923
205.618121378103
198.79184614753
198.872018260612
192.866580558715
189.229985135968
192.316401247817
194.40217399496
201.95621746882
206.148740714143
195.16340022206
194.740271055596
200.194235332784
192.217394052503
197.411739381786
202.377994337082
190.213552616963
202.104924020456
192.099696398873
205.604342375543
203.662640065443
199.196147063121
193.627106169977
192.331975861001
197.086085936937
193.18199555209
189.877418945349
194.788914105533
191.804639075954
197.398123520637
193.141262570368
203.120974267463
201.314015967874
197.150847867545
193.705173432137
202.260042551729
200.331917890873
192.094459844355
191.633952618797
193.500782509563
197.798974713349
191.545114821942
195.31322691224
196.00075098052
192.39268617855
191.323990531082
200.784740370794
192.713503678373
194.841450027267
197.622411991472
205.849221610211
196.915666872542
193.498694217397
195.661431067504
202.170291153921
201.364150983366
194.322562069462
196.263450903654
191.972124619043
197.335679623441
205.921882383479
191.955208620016
201.523954816492
198.236453710097
193.169004256909
192.970363687277
201.714645877302
203.365117258107
194.600148142932
198.342737435055
204.911631838626
196.168115071794
196.972227073819
195.589717790478
204.614615356218
197.979551037907
193.979916768956
194.087046741953
199.44244656559
191.63961033227
199.88742080444
197.621733547991
199.263731217974
197.33965484873
189.906869461097
197.290153513099
192.978017506748
204.408302266217
194.40345826841
197.621402539056
202.190501055642
193.103478273323
194.759367726926
204.437109726223
196.427755098274
195.446173991854
196.400320638625
194.4184967971
197.26469220563
192.779598264769
195.788346885998
196.039221474251
193.034650051739
202.75692783877
191.933004752998
193.292152915674
192.022886836904
195.813412961511
193.767967160786
199.62134078175
193.463157915109
190.573756947567
196.172800911862
194.152682107185
202.527250792326
194.405918196526
193.70420717874
195.098861298682
193.674081213625
199.727124252877
194.723851808055
195.703992470487
199.399113540642
193.018720436753
191.233245114376
192.024218321634
191.071916443189
193.899542950669
197.235945161029
202.337006911181
195.862053159507
200.028816544703
189.993818583265
202.488504370848
195.497817585652
197.037183090724
194.828673577315
200.265733028481
198.874709389829
195.588951005184
199.232974422382
188.793419528211
203.485010786069
199.93041954221
195.573702560102
195.261279365884
203.412162315146
193.805293841628
197.615275181297
197.115519165122
193.447595491117
201.799167630058
196.338329742574
192.193006146429
197.811349820394
193.330379796122
196.914011029417
197.929021344785
193.830953048843
197.370932055866
191.737041815365
198.197312492156
202.37714760667
197.599536739411
192.55958138769
198.568505177578
197.841375385357
191.856028368163
194.009354134056
188.448744627863
190.548685368065
193.076703616591
202.541853791859
198.362947273591
199.655660925139
204.985629083569
194.845172421579
197.209509097101
196.892339120825
193.501645062564
197.719719243934
190.75595932662
195.095732489934
197.898772784225
193.429145837839
194.461826925699
190.128863621324
201.076395885072
192.533523332637
193.897984779506
203.437196893087
199.138542944751
200.437969368147
194.395685960973
201.540591563213
203.472473180384
192.255244941011
200.580442228714
194.484903242248
190.71446561979
196.741689123294
201.713177122998
198.945721610922
191.836849811878
196.861355973505
196.05014356225
189.67954944362
196.065283347499
194.349721583927
193.225637344781
194.56022689991
195.71400109372
200.227458786742
196.729266915283
202.547203641546
195.117996848136
196.660152942678
189.270088504336
199.136688517219
196.29174320975
194.927283618583
191.562333291633
199.193668297608
193.763945431964
195.85167415675
201.406113809887
193.398556118971
197.147250474199
191.293938811543
198.538841554876
188.102726289222
191.655471138237
191.850364525604
201.004630107979
192.678998172415
195.425136242739
197.325602979802
203.483649575505
190.550323166069
193.619488915137
196.996454148897
196.263438004515
186.252175074876
197.567997690856
200.953180881433
209.207716418938
187.307450692533
188.292016582654
199.223936672087
201.230691710292
198.152515710799
201.744226283003
191.394946116624
191.631756511493
199.643893696855
191.943142429793
196.662416948887
190.931148392597
203.71009110857
198.369262276707
191.863603415757
195.905135240291
190.604829596582
196.452053069676
193.39121450929
193.377043007071
204.743130639623
196.050254499674
193.479592523685
197.549783151275
201.061808295972
200.610370727781
196.085943317448
193.25952033178
194.693221074106
194.521350122386
198.573456703845
193.059587828575
198.143232193839
194.207776775434
194.625389228214
193.297158475866
196.379472639755
193.910386539345
196.620428174868
194.130858625501
203.140753607049
205.582352083568
198.489060223835
192.031035511314
200.140709819165
196.253720643597
199.658096749706
194.70889663879
198.064192261891
198.094486307835
203.264582020464
196.387141587531
195.904800717948
202.19040275123
197.696129097618
197.316197633453
196.485934623838
201.812928578809
193.62148360481
192.513124791248
191.433740364863
193.490052976313
196.59832959258
197.219369619055
201.119387419967
194.932491992419
199.10255102486
194.185134556853
195.639438038228
199.688617207777
194.233626035238
194.989148261723
202.376832290764
195.709914967989
195.529410368355
191.027529188516
190.477244840099
194.310259281897
198.2135076371
198.408653722047
204.031190857744
192.350849314506
202.674252140837
195.417898977037
196.901322409707
192.296334763394
194.867865639939
191.837709448403
195.578654367738
198.50015279711
196.633565298328
194.820249547519
198.776329419666
189.470673882949
190.351743894549
203.523731745163
201.93328422641
195.752831825257
190.025545741503
206.335624702638
192.780194371746
200.798874293594
192.44588847462
199.72706320182
197.032881685741
192.209641757939
189.505788592215
199.551737938875
192.133149987716
196.300383932983
195.179119272618
190.275742779975
200.176326776655
206.138589824894
196.024576385104
195.053200395853
193.192977951022
192.119314714658
197.525678193501
192.946222264733
201.689478689165
198.34962839419
195.204561023287
195.883762112688
196.35997369611
206.273200560457
193.332107969612
196.638303256078
196.568348806484
193.382857435188
194.915110100382
189.89633359059
191.132949467609
200.915686211729
194.951134156502
196.949881056898
194.646640227621
203.461068767643
195.539029010025
198.990128841998
196.792407106866
199.134350919781
200.476785642163
200.106859866354
199.13007897493
191.553209036581
199.866417259122
200.08693016992
197.728480777542
197.357292324878
202.544941573684
192.730460773035
191.166739930636
190.778843292418
190.726804106754
194.976866682904
199.865545710827
191.064980566425
197.678224780329
199.331817781847
199.944756777819
199.351591332545
196.613056923938
190.001333233086
194.562898028369
195.613729867937
198.433505320267
198.718719444398
196.639683602211
190.326463165118
201.353453310454
193.134060214088
198.075061524315
199.5111469656
204.537138259197
194.923698467641
198.516351134186
200.091514573823
198.157973914603
193.239944433945
194.650435812033
194.152296330875
193.77491544539
199.245410296903
193.987413802801
192.192146389678
193.704435524329
197.221713818832
193.655710935828
201.388296858959
194.209754153521
189.951052264319
192.069190730985
198.450801404509
199.28064521607
194.583558754634
191.911830666606
189.83789332891
201.346891074121
206.498598233812
196.796958735127
197.36752884054
189.592658884061
193.367304837945
191.743585894107
205.263687460683
200.239903753889
191.399325922405
193.048970813826
196.531666860456
195.807387783047
197.573811214411
201.40452885153
196.935720782032
198.611871010236
195.89434323311
194.094280100027
193.692440206081
197.548360156265
197.652470330852
195.552257485254
190.760852005634
200.819201967233
196.710620244727
198.733574374869
193.221397344322
206.237498565939
206.784476441722
192.897176941313
197.914953156449
189.681767808445
199.648077936129
196.280876730599
200.958629758825
196.892177064876
197.737633329312
192.34160881673
196.101731586508
194.660462106793
199.173954334597
207.629000052963
204.579099501368
204.458019396848
197.82820207034
198.454534071809
209.71936053856
195.813997391994
192.253848166024
195.778930739931
185.784607485472
191.060457409481
196.421981611718
197.980061342399
195.959880156368
200.470241682582
195.989797232444
198.143842204995
196.462452538315
195.28417556849
192.984718598316
193.230166616905
195.352969255585
191.763141524771
195.101845635411
210.939389991213
193.636344458671
213.229905112144
203.009506200144
194.1371821686
193.552012929495
199.146487401761
195.373086629502
192.700018842786
198.85520948455
198.625923404807
196.485875955989
190.222160328478
193.899516730032
193.907900035363
197.773304282376
196.979448033669
191.111172029195
196.205062483643
192.279312260035
199.671731062358
192.518601966708
189.862795089546
199.504334974297
198.903894010693
192.470453728865
195.960766497976
191.702525521248
192.771299596161
192.094769794933
192.586955873671
193.544548128064
198.459918742235
194.614108407516
195.399389797292
192.162973481375
193.408189596675
199.603937299165
192.462063161147
200.154014254148
192.240485209636
193.023087800381
195.771345844125
197.078422889312
191.266934454338
197.608648420408
198.751234548451
196.12011007033
190.697162766822
200.05393446889
202.20225855886
194.367767072908
194.857746685682
199.149188243711
200.457957030243
198.965140029706
195.727426624806
195.224512365627
192.840978783962
205.451698067175
199.219864237803
193.430649288622
200.984125663978
193.454841571553
208.221747407962
200.592954233894
192.256025741538
198.895174197936
196.979421858266
199.49288211398
197.783406499619
194.364273127572
188.930159253742
194.146094165318
194.668469898063
194.51871132167
195.852289397507
195.333129388096
210.881206286242
195.822433894515
193.995791662484
194.374923248786
194.842865602465
195.648094912132
196.347645290813
197.388745772666
192.480686213572
194.990092903755
192.769678916907
197.931577313653
194.708438948127
188.564561061777
195.744248354522
193.934955725607
205.242709731747
195.041010266924
205.360955941885
195.013609133578
192.052036452022
193.562812036859
198.934562141976
198.280703524757
194.607217928928
199.782230498778
193.707404780376
197.095154067766
196.026884600757
198.991338090395
193.549035951147
195.543477282977
198.923744711394
194.369118757227
195.444507907165
194.663194904345
194.571813698142
197.266430090248
195.674782117142
197.819948282024
199.228124663784
194.41843569435
202.319327033572
201.238197839473
193.794329797995
204.352207033338
191.810096294735
197.694481804242
192.144659146306
197.225153942473
191.194915074912
197.011438687175
196.515894682136
195.02148399095
193.107051152787
194.599153813346
200.563395272254
195.146353487371
200.391010305246
193.742998774149
195.008918102518
193.491163364356
197.914531246808
191.556655670055
192.162858968122
191.157495210403
200.503589790816
191.388735970487
207.436079194451
204.660174879868
194.465434661875
191.799330414912
202.0133661837
198.604070691611
206.233964301824
197.938694208836
197.508502126994
195.154989104542
195.268608557391
201.004817910118
197.774776395289
194.472194981517
194.72893589364
197.006183518935
198.730741367818
192.228721247412
199.243157302484
191.625749022096
192.567324099431
196.80836747123
199.549165102029
198.013734741596
213.516240375992
192.875462474336
199.160557855357
194.664293150177
195.077612388798
200.517451021618
198.036392236362
200.323768252039
200.032379126312
200.462075058103
203.901808823843
202.180872659413
195.461330882534
192.647529100957
193.363745196184
193.476526066729
194.240199735811
193.699564072596
191.294750889226
201.705939553719
203.072270730351
195.3805801555
192.895341174186
192.107309188934
197.408045646268
193.534072290895
195.202263882269
194.620327212053
203.728009770546
199.926975771115
196.915604459995
194.630482053937
196.584883001756
202.371831855863
190.663410862727
198.16386433786
195.077393647351
198.357797786523
198.517159806444
192.801059244498
193.986687957886
202.966076410508
207.908416779201
197.664909066788
195.154600740686
198.729911276488
196.592514883933
201.727926278176
199.18088938366
196.531997480731
190.920701348634
197.952350948948
198.174589632761
203.244041994424
201.05032829473
191.892866696182
195.292270455692
191.363862633819
191.059012910226
199.085310871652
199.548207731862
194.585857932192
186.635944659254
196.710217448607
190.426152772987
200.138342783624
201.55661216696
197.590204613858
191.453668834785
198.236314355669
202.420307394172
190.962673169704
201.132239035851
199.129327981173
197.926785194148
197.91753446357
197.517196745193
192.213573506468
198.494384311111
196.341935541658
197.004343234779
200.665024349646
198.614255514995
197.726585484291
194.937428918084
206.021915457565
189.466705302454
189.7459070422
201.400690781059
193.463935619842
195.887257610359
187.87811552871
194.683591586781
190.420963943631
196.145915746899
191.775063451481
197.730095701378
197.161480482177
198.247407722863
200.733362151342
201.778979972181
196.306353788839
200.45435000032
199.390856018318
200.457630348664
197.965387100494
193.239842427565
198.033474704358
195.796223040401
194.081216232437
198.06328644046
195.30923344608
200.174183381517
195.573635967855
203.741810597843
201.728006030581
202.945136964425
206.92218566593
194.753096678221
209.942285244934
191.718023906168
192.086410812961
190.726606347529
195.408510321699
198.446205061269
197.137520018551
197.566314550261
190.042582560478
201.942703484948
204.359512444894
194.018100241787
192.094362098208
195.145511137172
196.007866031549
191.292350790761
189.925785200448
200.560553797723
202.202536505365
196.413263367769
193.902258219874
198.263254483223
194.168877257296
202.217276620991
199.78637402677
198.108117502819
193.980221904084
200.67652378799
204.535022821794
190.990841603956
194.161248410017
192.77517095271
192.270788623463
191.676047597345
195.081008809198
191.985072321705
200.200518607718
198.182939701448
196.645843080146
196.532355840588
194.480674612529
198.537736710625
200.552476616432
195.661570971394
196.904509373237
194.874832478373
197.505591813966
193.006287711578
188.568195243772
197.055011486677
198.969648087217
198.94021880855
195.556307876446
188.864096884472
192.218965924263
196.733709990486
196.481378618453
197.039215583677
195.046646524403
192.778128671745
195.127106034602
195.95563679525
192.137408637823
193.499390792918
194.122420462028
196.679791493628
203.42335353343
200.594560396597
196.628125281584
203.451474268019
193.460900775817
193.176689965692
191.554405250776
195.653743690039
206.124826467972
195.27753577424
194.948340954794
193.963306788725
195.447290816108
191.327476091786
199.258022947389
193.771308364549
197.375025854654
193.636246564677
196.83529615021
193.643187967993
204.186490120069
198.335375350991
201.214690599842
194.158749457578
194.296386245139
194.548229218775
198.12428475805
196.285390360967
194.585848012941
198.79074155304
200.651002137601
199.380513356455
203.35862542615
199.930115349631
197.473310081157
192.850772889614
195.263535375449
191.702026273585
200.269094424049
192.47593271901
196.952889816222
188.289810428407
191.02780384822
194.779625397343
195.041457145101
191.084916490249
201.681041228475
196.971486820176
198.515913284243
192.149412914021
193.111186974939
201.089171765413
195.880884680703
190.96701713816
192.052624357021
196.619516521049
194.447102564536
197.1177474978
200.717613319982
195.475942229345
200.883884615603
201.495427373266
194.419338079972
199.987056855882
191.141041589471
192.206585338079
196.266958995401
198.053353602851
194.689426698059
200.770104679426
198.956662568281
204.914130897512
194.447605462991
199.35680294671
198.341119888411
198.905205905035
194.427991557352
193.715134956257
195.323706831226
191.720040530587
209.782764146832
207.246539200278
201.732737513144
197.021455465559
194.768299407983
202.840567904557
204.349111363949
194.463677749738
203.98535027715
198.081118515612
197.211131017176
190.543920042208
195.165440442034
199.196730562232
195.922060815048
191.995101962461
200.094631705697
198.762834964781
202.487434684446
192.226933250338
196.103996727724
204.806424142337
193.475139443168
206.498446316748
188.921058195624
193.385899174511
191.424416036273
202.526724213829
197.11109720378
197.616158141839
195.220860004928
197.474617833891
195.854840414349
197.736627390049
189.522921158641
196.202046975388
192.161712296733
199.768600773042
196.017060411284
191.491349557727
193.463901572946
197.671167286031
207.082809036467
194.415351209444
193.711835550413
195.475301633891
191.485612632713
197.417244876257
202.5089155117
199.115655521051
200.373597514724
196.512311202501
211.693820128462
202.400508050528
207.682103922345
193.302747348041
191.945660817652
193.618244435965
195.364042142575
193.80954355702
191.669929516611
199.951824842663
195.221936316005
204.882725819285
203.540638235619
207.086325019005
199.504797205981
197.097707870139
193.659061346127
196.991585407921
194.661195725038
198.572425442854
196.761623613758
191.853459817471
205.467883768989
201.532637845885
196.572419163624
193.190246989992
192.124938573478
201.676988824283
193.010835270687
196.782178322632
197.969134449758
196.388629865651
193.191385232747
195.921449668723
192.787179801017
204.268559334596
196.343562339914
192.284276770137
196.898469720801
195.569393134511
190.510733661046
192.231219396405
194.95370271821
192.051954650217
203.11259130361
192.57674139849
201.748760021978
198.046572504299
194.727478385332
194.113307025055
196.469986105534
192.765612766139
198.301210306589
191.7828418535
195.762844101378
195.94006642202
202.445500240662
190.975941480871
201.77796999979
189.867739218559
192.965346120764
198.337019026249
211.859124864608
196.674789525806
192.829337832268
197.166171743759
196.063594806285
193.558813053348
192.843728289294
193.915279711769
193.680885708608
201.411333786363
196.388891251332
195.960351189492
196.245939980143
197.336873106243
193.482091575616
205.627967669188
198.751664676878
192.877658669967
193.886588435604
196.599836041687
197.262010494726
196.620774697654
204.166712439037
200.37141634821
195.350067087721
195.176135843009
209.262544703362
198.464663877197
195.914355768063
203.346854219329
191.002421441751
195.263026221171
195.101593131915
194.301629366585
190.744590341437
200.984395439624
196.784967348946
196.367968621124
196.39941303796
191.096915578546
193.00908908101
194.264395987571
199.158322398618
201.32089462548
194.974900468775
193.972009054683
205.452711220932
191.379932585562
193.089115818706
197.413520102992
196.907850446389
195.546000379194
191.713143773768
191.99222058003
193.582336450154
191.006795562624
192.390796848033
200.983582202148
193.974733645796
189.053812191451
197.515642596289
194.835418566878
196.123064343534
193.311656584683
193.261508411884
204.295995775418
198.042349006084
192.207283548832
194.349489383459
200.38786504953
202.134281435887
195.605882631265
205.7499747004
197.451793943664
192.34700536079
197.218866534834
201.864636667214
195.218559057205
190.971499476464
195.352769295219
197.908576227885
196.645160003612
191.930153882621
192.232947504261
197.712467284239
192.845716145452
197.021261969705
195.556132997547
190.478440850804
196.783461605248
193.330310857745
189.584059264922
196.051905659906
196.095708397771
189.505737986689
193.647559627307
190.47423159708
200.742642560875
201.427467031315
198.981967782946
194.71728586322
203.41808199815
200.500444585158
200.626239658824
192.486933327107
198.146738925634
196.445432553968
196.958994455468
197.132046913686
199.705378987768
187.54028640666
198.416855867096
195.526681021429
196.724709057502
193.659859762569
196.630622201707
193.96903594783
198.716933506935
198.375642792917
202.944211751197
199.250823345319
207.308282287129
199.177848203005
202.559370577065
202.97439711419
191.305412961212
194.926869335877
192.261574216134
199.262513092386
192.678207018849
197.346770342884
199.921230033864
196.339638481491
191.470668746432
196.749042168243
194.967028669869
195.695595262105
202.630986008052
193.70795557306
197.364160552085
191.499178788381
195.386046587324
194.983102782525
204.808786462805
205.944206236218
193.285490857121
190.376515171384
192.723293864469
195.238881063307
197.87455381768
190.572376694879
199.011654294326
195.276170634226
198.653688362762
189.742537657996
196.055024148939
193.18412313733
190.116455394611
195.462898377768
198.297464847368
191.8950132915
195.494640854516
