"V1"
192.020049024623
185.734829920397
189.337142001701
188.828349466614
200.32268887891
194.994397711253
207.114129050833
195.269119262712
205.341011146786
192.936642907858
212.644249788162
188.85796068355
184.992238002156
195.629549887411
202.8917481457
191.592356462561
198.046093114402
188.145637506278
187.057724042829
188.832649560094
187.978191637871
186.799834139255
205.640774528278
198.165336972484
191.483804188852
191.414814924771
191.514940442122
191.5368603308
191.562325232907
191.473429294385
191.534422934431
191.445080238179
191.547692559974
191.454375957495
191.554822987894
191.425002977464
191.434242626872
191.514236785391
191.431633590262
191.48445817814
191.430145664126
191.465176391732
191.481057607786
191.470108398386
191.475079186458
191.468693003483
191.50750000866
191.540695114385
191.500710881035
191.489417492483
191.570018382637
191.520219743154
191.534359315072
191.485380936344
191.570688756401
191.532591620862
191.417203358644
191.484606264997
191.548792911743
191.477653276384
191.581979457988
191.513082037258
191.525110438035
191.531081296472
191.479008619968
191.443649369659
191.561145514606
191.542859806332
191.526568135936
191.519066625134
191.556978237329
191.49079680153
191.552273358263
191.53801455231
191.564207654148
191.505722263981
191.460193460985
191.504538046625
191.46162293925
191.511176939036
191.459274981936
191.574026633739
191.458732238632
191.526791923161
191.486638057009
191.519492024152
191.549081268596
191.519656621604
191.44669437059
191.480029402822
191.49125027678
191.429031647058
191.581722419223
191.506483274853
191.577775302398
191.519450100385
191.550416836606
191.566883067959
191.628375580435
191.54515611802
191.480143280227
191.42556732072
191.519877896776
191.553055977944
191.536801084924
191.47407046241
191.505473036613
191.437168750663
191.522282289636
191.434541165956
191.497976820654
191.452042077496
191.52274086353
191.539565362323
191.512268956799
191.524219582245
191.593208306985
191.519623914518
191.607562493287
191.504521065909
191.511209171391
191.540293040208
191.502962545013
191.500838921838
191.49113972188
191.422836961757
191.523564300945
191.482938044781
191.495784546191
191.602123963308
191.537172173464
191.518716339211
191.520194517864
191.479558550213
191.509017806476
191.414980274103
191.510856836512
191.437974411322
191.565725077261
191.532363283121
191.44003477987
191.571673941751
191.553531443818
191.465347467582
191.559479147193
191.465540083392
191.549773327113
191.479448693553
191.520229921327
191.481494663754
191.44228957632
191.560572002462
191.538877361639
191.447754513191
191.558359814775
191.467711424087
191.473227777588
191.581696834723
191.449843398621
191.58974455768
191.468145481717
191.480544125863
191.579197797963
191.531232984106
191.579957551163
191.517114891561
191.492775605721
191.519020427593
191.431117806601
191.557810011889
191.489551565364
191.533714261289
191.465913078519
191.545379468391
191.538483819446
191.581599892348
191.505003017967
191.465215869514
191.562710679389
191.546119851748
191.508314066914
191.494921781177
191.485138141775
191.504725687446
191.511001754022
191.491615054466
191.50481258686
191.45806989196
191.464096341065
191.498522881447
191.432224376883
191.470395238276
191.486698930644
191.47425397265
191.438942755718
191.6474345235
191.485279767056
191.541707875395
191.475722971127
191.435460580005
191.56717363789
191.472935195711
191.536576652161
191.492548500038
191.510520295039
191.474642859876
191.5357181589
191.536282815204
191.465932445706
191.541642155196
191.500885784075
191.585904633578
191.573496186855
191.579078992094
191.489255065148
191.562300044406
191.448998716709
191.4715812201
191.520159229582
191.456412677525
191.417390310241
191.540035982575
191.464200016588
191.481912758226
191.547785693448
191.547682146175
191.566337059964
191.400226907587
191.381994788099
191.626937176922
191.400207106243
191.530338716443
191.520988185392
191.518795085693
191.526328314564
191.624620958839
191.559812990614
191.60612076049
191.617727254752
191.473803347644
191.541917150183
191.546189424992
191.436489946596
191.477080569837
191.48737240102
191.555510094274
191.594406478492
191.624808192858
191.477111068364
191.515274933522
191.504231009315
191.599920466864
191.537281139868
191.411703673605
191.560502369473
191.576796631936
191.506839613075
191.497148467552
191.553219600261
191.559018389757
191.499170724114
191.440123995777
191.556451869899
191.45973555693
191.49394285393
191.506092730413
191.528222187559
191.535735659567
191.551910942859
191.468225620803
191.563271703731
191.387191310242
191.539204099015
191.424113723555
191.504904450054
191.497335771359
191.525582551264
191.477342418105
191.534668951694
191.500282830858
191.497060638893
191.392270327812
191.595673997097
191.484314674633
191.495216502185
191.554350597122
191.448632135903
191.480577750979
191.488126138197
191.475304474348
191.557771227795
191.554001568394
191.619856014452
191.558839648347
191.481362685966
191.505823548433
191.57635937907
191.516222818376
191.425405123406
191.505197058267
191.546577263149
191.489396805924
191.535920010507
191.495348592232
191.566992636447
191.523062519258
191.558615362626
191.53280309999
191.561741691967
191.562108145605
191.460908943283
191.443179779599
191.64436608401
191.540038105284
191.416916777134
191.4579820746
191.520497845361
191.583533017754
191.450176380481
191.56714058604
191.523602745925
191.528939671359
191.520262860276
191.491468524075
191.401647340017
191.466248155961
191.503220081068
191.48877596128
191.46978912238
191.484249277428
191.494955110825
191.546279743819
191.50865004424
191.570747303442
191.470921994988
191.52834414249
191.492733394864
191.579818785136
191.436735453631
191.50227273737
191.496197882712
191.476485230023
191.520410406599
191.589346812166
191.504643425139
191.475209008733
191.535925578055
191.527553075286
191.601062859675
191.547217262084
191.518252743627
191.503592774114
191.549091818612
191.410987666523
191.426243336559
191.457748843371
191.527183597477
191.430161034147
191.5527403284
191.396190127736
191.543772276102
191.480103732923
191.515989808483
191.442760434522
191.545166658235
191.49819599266
191.512985716874
191.535494541722
191.467037904331
191.489543969619
191.54957875387
191.504751845402
191.605820103905
191.562741001742
191.532501708878
191.57733782551
191.511415510283
191.524563441172
191.486829419986
191.448510244172
191.53460434862
191.590402726758
191.513193692918
191.511774897703
191.517267138523
191.445876287422
191.387130230999
191.4992848593
191.587149604788
191.514876444546
191.498066124751
191.578322450031
191.542617609522
191.501588328061
191.479407290965
191.543003362543
191.603789788094
191.553312100397
191.480544593958
191.520324266881
191.511749267017
191.545637898741
191.428870713632
191.549472173795
191.511419199647
191.444929336216
191.403225068898
191.539431970417
191.452838910749
191.44071556368
191.589925845449
191.49536767169
191.468693716128
191.544366260227
191.531258963144
191.440002212312
191.526449617486
191.481932634085
191.444393070368
191.523697442233
191.496210722019
191.622779092432
191.367615258203
191.501620733299
191.524177443533
191.513615302695
191.538893223489
191.44044386798
191.470137860178
191.405915413126
191.468537956307
191.522786458391
191.50487272629
191.514247145498
191.402446536569
191.458271727816
191.591071167893
191.500071989048
191.550305886687
191.459608380976
191.484392761002
191.406559051041
191.44722727923
191.577232181282
191.511791927457
191.498475301604
191.46750436467
191.433303379669
191.45411192064
191.447586251047
191.477930783466
191.51587800821
191.408063921119
191.641107359141
191.480119885014
191.502278139934
191.510705734585
191.516609813455
191.440417994221
191.531374189346
191.541825725335
191.640853693278
191.57232768687
191.640599457345
191.480704469474
191.491005740717
191.489182243476
191.541836306335
191.590193872869
191.488465907935
191.492539911416
191.522818574362
191.44842322455
191.437673298001
191.560613945634
191.475580797891
191.491647854913
191.411315092009
191.528261029171
191.498583646082
191.447519269668
191.529733608078
191.57130993013
191.416395579695
191.518405773223
191.470389325255
191.515891547419
191.549258602408
191.542833882703
191.544862923136
191.518545131495
191.547691965454
191.364136413919
191.5315548769
191.492230414663
191.516462833064
191.606759855545
191.542247916602
191.532834240671
191.513856879924
191.520687468516
191.442244178723
191.524887339794
191.601084888766
191.493741985845
191.457590970907
191.461253162212
191.509258530789
191.583359326528
191.488101152306
191.527685128914
191.511954569301
191.470052603441
191.53163062056
191.503062300319
191.565282352916
191.478257722387
191.384775889486
191.503668593956
191.44562769377
191.539907798226
191.483055014305
191.520688250462
191.564685709979
191.489381388031
191.472509257651
191.574325441664
191.575447593112
191.530831345194
191.41402946657
191.577211844947
191.508504312927
191.485878471199
191.517097802764
191.539442069487
191.485337534839
191.490744837121
191.414078537391
191.532018373967
191.539290311982
191.472618002332
191.507148431467
191.416364956689
191.483108018641
191.523560631593
191.483371168902
191.460328679836
191.645486968616
191.542976193578
191.505629779932
191.559051625688
191.492275856656
191.554375053267
191.497931554089
191.577793577084
191.532079498587
191.450035140931
191.485703260713
191.519769076091
191.55562150765
191.45788921687
191.493479662882
191.547902232493
191.536903384816
191.590625738495
191.515912743114
191.532977591064
191.481071299942
191.550336740263
191.597353553339
191.60607169472
191.440400067167
191.547187046766
191.556297883721
191.449327993806
191.432799088402
191.562820484458
191.553120328024
191.545201395023
191.501955120973
191.600249082709
191.527250678777
191.541391924065
191.502711197325
191.584453962619
191.493096133134
191.531195634574
191.509127347721
191.424484187033
191.481778776234
191.529339824187
191.492194314572
191.538004873993
191.541580640554
191.600411103992
191.579943434493
191.52227040896
191.523352232895
191.378191267996
191.545918029841
191.485965756897
191.470022928354
191.487011081611
191.516655141894
191.494646905386
191.564061775942
191.497097119556
191.480833439147
191.507559563504
191.504754165059
191.591007843075
191.466200101193
191.525458134442
191.479172614559
191.574439642049
191.553597666604
191.547243017761
191.496783814222
191.539767680431
191.4925964227
191.461913752011
191.465553805239
191.426599460596
191.516059438401
191.444728823669
191.461743679493
191.524886624446
191.561518898703
191.447240027662
191.571100263578
191.531905231872
191.442311824442
191.432673670992
191.559596955666
191.464038329834
191.515057066601
191.520736174126
191.4639417598
191.467710657185
191.41343055718
191.382664550005
191.44186975264
191.518957467756
191.49831743791
191.530402444854
191.538451713145
191.467092061789
191.47069834739
191.55272781459
191.494995502856
191.451976844383
191.525400419622
191.549564061067
191.476694517887
191.604466612454
191.495699042789
191.495939101526
191.516850690024
191.48469013674
191.616870111062
191.563114146285
191.62876993187
191.497136066682
191.514444725024
191.583001021523
191.486999449885
191.607406540037
191.482571321467
191.456173944967
191.614990814901
191.54244778378
191.579361567627
191.533661713025
191.487595307111
191.535909518272
191.419271619163
191.425598799706
191.502833781637
191.520901672376
191.452810685304
191.496485762781
191.498352103506
191.540504695189
191.503044990853
191.377861833257
191.509066309792
191.512992468272
191.548229654726
191.58119724625
191.544259082799
191.417226962725
191.537965077795
191.412411749084
191.458398670659
191.534553773264
191.563917133681
191.456123671579
191.51299527191
191.491785397576
191.475777636018
191.48787449081
191.693043181642
191.562335007143
191.473460488838
191.569788397219
191.384215956588
191.467819650801
191.577482190593
191.51110760738
191.544128207902
191.556878111154
191.589265460103
191.425154524762
191.514405524483
191.552679054639
191.46347883741
191.607248532109
191.486609646799
191.513996638007
191.493804224494
191.463500469359
191.488661023528
191.500727379746
191.461587143054
191.530487090804
191.509956703373
191.576863869838
191.559142624042
191.43768738705
191.511517020084
191.544259355677
191.510377501047
191.52397121919
191.499506265681
191.499736458463
191.597082043162
191.52460506197
191.528660391644
191.395815603994
191.492244831459
191.538879504541
191.478765796845
191.460090249679
191.506131181167
191.442890138463
191.515708363821
191.521335115237
191.448982598548
191.416899395407
191.552248651466
191.525478211377
191.536518533793
191.586842420594
191.486872512729
191.568555690493
191.586817382743
191.520928651603
191.560057135875
191.476592390893
191.478007223601
191.415615785599
191.486402469823
191.484215323747
191.525853362348
191.493978222099
191.56895238357
191.605184638233
191.485652951026
191.570022787056
191.532680873176
191.481570137689
191.505684695157
191.554953112227
191.478670611675
191.583314674901
191.485111808055
191.504005790067
191.569033872847
191.481427299231
191.500333507241
191.502670713173
191.413976448711
191.563641996576
191.556918759079
191.491195774093
191.539366476668
191.452876712889
191.415642890909
191.549379214107
191.528890169064
191.470127353239
191.607250780771
191.446745908859
191.506777190498
191.559487539311
191.540707530127
191.546163147117
191.446656221008
191.553047724697
191.528009718232
191.541847092838
191.535815514466
191.528911027283
191.439428016483
191.450427534841
191.41160784929
191.572531389432
191.479769624554
191.548093171116
191.501052568626
191.515001146879
191.574289082056
191.490419425102
191.500984105055
191.45485060579
191.543186849309
191.452137817767
191.438009353349
191.500894092502
191.589177369833
191.590154922052
191.509847029642
191.470229825943
191.485886210471
191.464061632454
191.483965776372
191.534146081317
191.445898893425
191.542323961961
191.430546348692
191.577238389851
191.448435773683
191.532294608714
191.590648745224
191.442095567049
191.458385536109
191.510614342129
191.591799939618
191.485219428537
191.53353186404
191.41592932524
191.485633912898
191.532463778931
191.491861317675
191.443108786642
191.564853191531
191.527329996256
191.59473642177
191.524769936666
191.486806745923
191.501613540733
191.45072263643
191.451117376474
191.500428290348
191.558013601145
191.493240205676
191.550430557873
191.454268514532
191.443862136339
191.530724461958
191.375949006466
191.590810734798
191.444306665292
191.544149507564
191.537259785418
191.386205129583
191.439806311966
191.483452436904
191.477508630612
191.484957226612
191.488117959532
191.469163456564
191.503314417548
191.540758111623
191.481416555368
191.5701328025
191.533165809937
191.45466512534
191.501354598168
191.547903314009
191.543746170367
191.50058698978
191.50368079085
191.487778697453
191.442313043153
191.505503343851
191.54344426133
191.511031733462
191.508922983742
191.510016603506
191.556088151886
191.453742833301
191.50614557241
191.419528390452
191.51203022205
191.573294119947
191.482475603782
191.504359314841
191.600656862766
191.525044900733
191.491050682728
191.554355022397
191.446853802212
191.488844656283
191.482179956317
191.453429825893
191.433002295338
191.536322934554
191.556477141665
191.5030894731
191.552562557897
191.545199515019
191.47701733545
191.427877959869
191.566934907972
191.39659192729
191.522069095774
191.565097539948
191.533443075944
191.510791622112
191.500394440393
191.495027727216
191.538987258336
191.532059732882
191.498825797759
191.565322909581
191.515480508509
191.502465428778
191.479665212261
191.407942720622
191.458402440218
191.590611705089
191.593160100932
191.400211915662
191.493718834544
191.458736086169
191.592495320034
191.486900884848
191.492701059986
191.570059041198
191.50700791992
191.541563388184
191.504104100233
191.402381529952
191.556540923245
191.580767052425
191.482124098585
191.533107174289
191.473276113405
191.444641028104
191.420760819606
191.50373935662
191.424296417017
191.490029414208
191.553281752565
191.550215077731
191.549993368089
191.507433796936
191.523887755468
191.537469679778
191.645124067393
191.601488164628
191.551046281536
191.498833971693
191.611197682284
191.546252180602
191.579800011363
191.480741309658
191.525248123357
191.505286920246
191.570083400682
191.439762497362
191.514581809339
191.442261982668
191.386504961189
191.56632526422
191.526703858362
191.584845915788
191.490778656448
191.460161268426
191.621768491951
191.484973510408
191.49557472374
191.512680275679
191.446945247906
191.527169917745
191.56217531408
191.446087275583
191.487367071827
191.532628880294
191.520910378832
191.538292589327
191.48909891313
191.480238301591
191.604015258156
191.574976891684
191.484582657566
191.517064769366
191.356740329714
191.510123358188
191.568980020376
191.507443980333
191.536530578862
191.411452005846
191.522998752873
191.519393304069
191.489230106408
191.491244790474
191.598543060045
191.526848391096
191.536615180346
191.486709404355
191.542124790624
191.499169808964
191.423937784455
191.415060331693
191.530858168874
191.510518212903
191.48125691978
191.50834933563
191.481795040506
191.444874054531
191.554204958976
191.488175900728
191.464503510505
191.447912849894
191.454283082992
191.471794717147
191.521019865186
191.494507119167
191.458834090626
191.481364103416
191.560589640634
191.515092708154
191.404430351807
191.417691926115
191.507557156571
191.493313707338
191.48044881361
191.483481319783
191.497646416216
191.491802497351
191.544650333451
191.50714445071
191.5725681898
191.516629867986
191.53484981023
191.46420495089
191.514841295604
191.607370143192
191.427001457026
191.474194350309
191.632641318923
191.504980446192
191.554581963491
191.488926630255
191.527150334973
191.490330500468
191.512952412613
191.46794802527
191.510299045551
191.573529004453
191.550131092027
191.45138106171
191.430013458655
191.535412785926
191.50335755112
191.488883034984
191.485293299328
191.481509764665
191.52092021774
191.557247586615
191.471534014922
191.508736248807
191.476152895593
191.419795268862
191.530327816375
191.446961178725
191.474079339355
191.440820751823
191.561314841885
191.561579248248
191.523209769001
191.504030744295
191.455594407177
191.513105258746
191.514114481743
191.476600000996
191.514418450659
191.546845647654
191.444597657363
191.51329707275
191.582163776911
191.597607835198
191.554743239762
191.542612991322
191.499283629736
191.462574202608
191.391776707732
191.558873787644
191.550971283031
191.657604184507
191.484518487042
191.4786705951
191.524223912504
191.501223740118
191.417822080465
191.561518999531
191.548347871087
191.423871818256
191.577344513708
191.428500451704
191.487063744075
191.474502407645
191.481164104378
191.493441774268
191.504725225839
191.4779732304
191.497191471498
191.478962514694
191.504382329062
191.476718868526
191.555361609871
191.627828562791
191.482053306531
191.51957411352
191.435523513397
191.394902759178
191.535467281529
191.501300632068
191.517201757888
191.519171812144
191.53201010062
191.545725952152
191.448868793638
191.515516252791
191.521529672384
191.53394340721
191.549498624208
191.558721986316
191.53914906891
191.492993883917
191.500810060996
191.471090273781
191.415973224118
191.503456307151
191.477907631869
191.575270763468
191.509050081365
191.516028264893
191.470371359794
191.539152755941
191.451318344439
191.476197362662
191.607102774519
191.500756517923
191.50998059517
191.47713472145
191.539705312659
191.573861997921
191.514161565907
191.553379837627
191.488366187466
191.502240013505
191.511994522077
191.506864872368
191.541954574915
191.491464847887
191.478994266973
191.488540322
191.552792564485
191.488785905417
191.4590296877
191.531660419893
191.568937826564
191.475665468392
191.512571655019
191.48733589823
191.438276434612
191.606951353363
191.5169608934
191.535661742895
191.504806514267
191.449103989749
191.633144473176
191.478162521259
191.471696794736
191.435050365781
191.519765503389
191.463344085687
191.532416753779
191.64462489219
191.590450636512
191.514713159918
191.474340230253
191.572931004482
191.569622642359
191.473904207992
191.506317344071
191.485711814657
191.465632500813
191.51623836433
191.575737672357
191.563009625761
191.470779353845
191.476613531521
191.483591164648
191.610521818899
191.530892124778
191.501966966876
191.549106926279
191.543691681634
191.504026826963
191.488280388105
191.470081294723
191.480333344485
191.543526093654
191.504327682442
191.522346416765
191.52101178091
191.496409341138
191.540498369904
191.445868415963
191.495898108513
191.581459506583
191.525981158993
191.56425735249
191.468882046726
191.539137357001
191.582904956466
191.491862629235
191.622306845834
191.520443560462
191.514163600842
191.561280679703
191.461315394616
191.479193066687
191.468165881091
191.499210016562
191.452330432898
191.438019250282
191.425864410779
191.409793396545
191.565762584663
191.429665722528
191.520733968229
191.541591969281
191.464878247582
191.440420142715
191.514001038886
191.420513106274
191.489730221152
191.443510759122
191.566113971325
191.559737529479
191.501047314606
191.520059997313
191.499776382908
191.500238514174
191.548082637737
191.43163187776
191.532517143532
191.454575957638
191.515633193068
191.479998468832
191.503278395824
191.463579945475
191.49989864438
191.495073882242
191.505235620371
191.479611982235
191.512331951071
191.479655260408
191.505220685653
191.420350731945
191.537971186132
191.55744181486
191.47929000184
191.475423036161
191.402987309969
191.489852169079
191.512958847532
191.546249009629
191.507627747842
191.616154660586
191.430276979826
191.422171160488
191.523421073081
191.476331227614
191.555396523086
191.507825621461
191.567886071557
191.471043279759
191.576675335711
191.45164379277
191.556213719991
191.517145188687
191.48216770789
191.483084943116
191.528790364285
191.506757433109
191.528158982013
191.451680191419
191.466272019994
191.571026934204
191.570901444526
191.554339847364
191.492946284537
191.561356877056
191.48580994319
191.538760454428
191.483801191818
191.516959153224
191.488932955399
191.546161539903
191.44926205933
191.457177213301
191.556411979697
191.465786776496
191.433922148826
191.433131112606
191.54212312729
191.524130449153
191.488366904145
191.480211133396
191.40283421094
191.557479234201
191.507680768077
191.500969392969
191.51051019272
191.505671512016
191.491251412735
191.450909534485
191.498632037979
191.443786775256
191.485627245253
191.587685739121
191.383570932727
191.557593686826
191.560713412701
191.479597027625
191.553736559849
191.474679013185
191.442136840454
191.478795940343
191.558912876975
191.536871144654
191.46000998119
191.500321682375
191.481927746649
191.552741046315
191.433769274331
191.465479375155
191.551096477756
191.510783356465
191.481843870241
191.510356460062
191.470434021367
191.446534272572
191.57803129902
191.591490398454
191.476034876669
191.507968623833
191.453489563432
191.485934528229
191.542338568964
191.534205516347
191.524447984473
191.55027283139
191.570542669395
191.505340943649
191.440421706297
191.538089198864
191.338224956114
191.420426733192
191.543183049194
191.508200931449
191.451630845034
191.520204741725
191.466768785346
191.444376472118
191.497394496691
191.424083274868
191.477192490455
191.537970320613
191.464284193575
191.548845725361
191.585035414938
191.462692273521
191.485327125826
191.575393672237
191.53968022513
191.514646658472
191.491515634943
191.468672534483
191.456880601543
191.497762970092
191.434970343054
191.59357150334
191.480027893558
191.511572231231
191.428930730275
191.516271818439
191.521869012749
191.496336880689
191.557058826545
191.545101112716
191.522067539249
191.593367555924
191.372400516687
191.521161606774
191.504823222073
191.495166131134
191.491735842643
191.523023407392
191.609571981646
191.533402189478
191.558436690209
191.468350012072
191.641533481572
191.527959744948
191.567287498443
191.605694089623
191.402893856481
191.524199102312
191.432734476273
191.529999966351
191.424252785299
191.606784926079
191.529827178078
191.528437167981
191.498417442186
191.479670887936
191.603243138353
191.411385255954
191.42696319677
191.513327332798
191.570847507731
191.497407418778
191.596558407551
191.571427115977
191.506207040991
191.547370629115
191.624536697949
191.514405621778
191.503353230719
191.46833351341
191.49695949206
191.476418230753
191.540811008658
191.436552074605
191.459394211244
191.532557427599
191.460292371362
191.480982802653
191.468462001391
191.529563104071
191.511705956206
191.423792295738
191.573685953182
191.490035071897
191.547799647032
191.420590739778
191.545010213607
191.419601690384
191.515176234376
191.486862363388
191.557723647631
191.502503000885
191.558342766723
191.486984792374
191.538047873392
191.515248940055
191.528678747237
191.48223799882
191.435027204812
191.446108201453
191.513377009355
191.521449754901
191.513423096686
191.455036087407
191.515571839734
191.531824265516
191.577735855848
191.526733571623
191.53442554563
191.551107430489
191.552645833069
191.5356771086
191.465261300868
191.5142450007
191.50623598749
191.499676241762
191.453724188273
191.489072845434
191.522050838328
191.518704914255
191.578099257754
191.595440697796
191.515108296317
191.576269574078
191.473090633799
191.422772300539
191.491323476363
191.556195970499
191.588710308186
191.478614054136
191.572375863308
191.494284322724
191.446607763514
191.399224859976
191.490499175942
191.382746688173
191.523038671944
191.501351570442
191.560910831189
191.540253933195
191.582159631065
191.467431414254
191.408761289041
191.505167976042
191.457399807287
191.564184974442
191.594180130888
191.447506087008
191.580310172282
191.498703311516
191.530221151791
191.55367724488
191.493576672459
191.550184550771
191.469150301808
191.518146556261
191.440551123332
191.423067026296
191.551773038243
191.528830959551
191.492806547689
191.527410107094
191.550370256205
191.564582739415
191.477404830259
191.619693492584
191.581282528091
191.548443289527
191.545736445479
191.486527697048
191.510701009807
191.503156297492
191.578166020692
191.450090398875
191.605939093156
191.505926316171
191.53194921054
191.494549823786
191.584655704566
191.482577802843
191.598304390693
191.57553728009
191.52643685251
191.466752109979
191.511429367588
191.577043557227
191.502689032967
191.542819544335
191.534207550566
191.48286658944
191.501785184455
191.457646856019
191.484127879815
191.487462528135
191.550904311896
191.468626203784
191.511550544482
191.625604001404
191.544867998057
191.489977647706
191.463341020681
191.546200988151
191.514227094385
191.478838664782
191.555895913681
191.549606474881
191.50030303964
191.521248394924
191.558816188719
191.551564004666
191.521786962823
191.437152562732
191.631119034269
191.450617672349
191.610143069645
191.486180348456
191.5346496445
191.46728761872
191.475412677207
191.493905779425
191.553575085452
191.481263909328
191.582744011838
191.529383413223
191.467855206363
191.499709948635
191.501709215905
191.568968821533
191.468946092999
191.523515164047
191.496559075389
191.521974258258
191.504661598506
191.514764346453
191.441895451844
191.631267702972
191.490608402196
191.431722248429
191.570138484143
191.557671423353
191.505550617181
191.492913393455
191.423441632766
191.586033523136
191.538863426774
191.501842370457
191.470448256063
191.562857670192
191.486757729468
191.407485896561
191.419104264563
191.503951844359
191.554874934355
191.541993807318
191.512657911896
191.557088252993
191.49909116644
191.529266239583
191.474710926697
191.604462585562
191.514713675628
191.563729916174
191.572992639399
191.523584886617
191.446842842764
191.560976018734
191.560437136001
191.456333107832
191.439371467799
191.435745491547
191.528229888803
191.424315888041
191.508611866167
191.550998302832
191.454573391373
191.459626698612
191.484897325834
191.485783463676
191.63927476798
191.525388900235
191.567152420701
191.478527351527
191.469127354781
191.525663561966
191.528770600558
191.40728721189
191.515831524284
191.47179047367
191.42401046621
191.435060557692
191.504973171152
191.48496579902
191.464858686999
191.438067769636
191.447880063843
191.514175089139
191.632180090163
191.480420686722
191.588737542402
191.471652294591
191.570691154393
191.53627831503
191.478893071624
191.482918396957
191.514327202911
191.503149392254
191.521768850955
191.565955504578
191.464911290429
191.473684303517
191.483825039176
191.548731467756
191.513481575463
191.498379904806
191.589769862645
191.472260865993
191.495318911289
191.39662753406
191.455299264578
191.430565310566
191.457988964288
191.453884379558
191.433870919516
191.464513564291
191.559283622513
191.519220553979
191.499071807558
191.565342883616
191.513632596432
191.510236055006
191.480460223946
191.575623358132
191.511060736608
191.359329261869
191.524141706179
191.501936213049
191.418084432919
191.549358282921
191.49868900441
191.434566756354
191.446111987791
191.481944757131
191.533433946923
191.490360573463
191.474152305874
191.573766944176
191.562595184083
191.472578159359
191.542278765604
191.405177593317
191.429851981069
191.499154188945
191.467119784929
191.458679335902
191.490343590333
191.497497309779
191.408463900932
191.542639178775
191.553260049984
191.502727694974
191.564948898961
191.439768320917
191.441833745898
191.527016601871
191.459587999597
191.451987391751
191.458213044552
191.556177586838
191.506897635675
191.574271591966
191.557045440168
191.525027110755
191.485795301541
191.52165549943
191.439106282133
191.439220920674
191.534995017725
191.534570989679
191.532578457005
191.492967184594
191.486471781343
191.509158896575
191.535066317958
191.510266670252
191.522397014187
191.519397545206
191.429423573076
191.483644469518
191.461426885598
191.529971586258
191.441234210594
191.511827640055
191.416486189318
191.477768682039
191.43796643522
191.51992704194
191.499754718936
191.535519066073
191.506185589388
191.53232745868
191.413408994995
191.537912448484
191.550316082249
191.511571858369
191.538741782688
191.423903519557
191.398237454098
191.413043861353
191.505648221204
191.479416322395
191.526267238184
191.553067544116
191.507440426893
191.416478524609
191.618787354663
191.560444296613
191.548411933485
191.557027844797
191.615067777822
191.565845316946
191.444156357257
191.467880467803
191.576932337161
191.528213683625
191.460889179295
191.528410616423
191.464788305083
191.471141268174
191.483999599999
191.484696329688
191.531136064523
191.578749010421
191.479209447364
191.473839573165
191.42584173136
191.533745928475
191.510292722948
191.61090226224
191.445672436631
191.59158343082
191.521710119413
191.537407148363
191.458561571541
191.478959393346
191.575335388971
191.44484697787
191.463651676857
191.479368094343
191.64177571866
191.522748791939
191.430557702107
191.439577667206
191.526252991994
191.507914519274
191.491979824144
191.482132689165
191.515404743675
191.636736288597
191.501014062524
191.513643638441
191.461277550779
191.463924579005
191.491076945685
191.547704149215
191.514389938046
191.497689619343
191.562419712266
191.552593332223
191.549301628273
191.538757022992
191.546865357935
191.46366668038
191.49800789834
191.435457855588
191.552601253364
191.572100747645
191.530474396457
191.557343779187
191.568410035684
191.560998433253
191.521713559253
191.529461063537
191.571998029228
191.477976870493
191.494688147266
191.598598658087
191.492515321898
191.526073952094
191.518012007215
191.558512372683
191.611213486388
191.512933616726
191.489252805365
191.464548390277
191.559877739265
191.666990348325
191.532999685314
191.407353129597
191.496431535032
191.482574731086
191.477124844387
191.559513513351
191.464527078133
191.51111520141
191.459241260288
191.432882128895
191.48824503722
191.497098463009
191.522077366016
191.58934413033
191.452687493933
191.498811776243
191.557760481684
191.558122021087
191.49986358343
191.483421030089
191.525830234886
191.514716929792
191.49735865013
191.454061282666
191.470986575758
191.397301131154
191.484277195105
191.542504218097
191.50580881416
191.481887454533
191.524680103082
191.45434892046
191.531866050087
191.551732622221
191.413931514873
191.503009973425
191.503464313259
191.546406473335
191.519784116596
191.5524024135
191.398742451089
191.428378096839
191.448794319469
191.554476560824
191.482683949825
191.437747185397
191.510626726784
191.452343452416
191.488210885375
191.523633327121
191.477205068829
191.485817938421
191.508060500164
191.520930405074
191.522728337857
191.579719459147
191.481645733532
191.489525720172
191.54006776544
191.56644288473
191.414698214814
191.562489623223
191.486614835479
191.466993972278
191.545570059268
191.570110353241
191.459626734063
191.601200854057
191.553469635249
191.55087287903
191.549637156601
191.543945062063
191.561725572555
191.560968116634
191.3918725986
191.510009181507
191.474725935175
191.469142465998
191.468798941662
191.514871935389
191.462211496804
191.55117361848
191.460098830611
191.472328760686
191.440024020284
191.497690486789
191.616307483258
191.558935777606
191.405037431542
191.48987340302
191.463312005215
191.501496191188
191.519396853603
191.5380271336
191.591828196669
191.622686265003
191.528925024045
191.460470379008
191.4920660848
191.446252713441
191.431649470991
191.514092190384
191.535321173307
191.44348918069
191.479035546534
191.477382766541
191.501801073633
191.546642141305
191.535090461158
191.487654961867
191.489110861875
191.528953165542
191.509626929262
191.480075349451
191.44447332285
191.560295281753
191.552333524355
191.53188281752
191.528488871228
191.467303371252
191.516658952115
191.527385003904
191.521850287221
191.473366094873
191.581508164134
191.451187458972
191.522826150543
