"V1"
518.467281492753
519.229621471517
526.490140631761
528.991653094107
537.409188951227
522.908961179857
530.51612116189
520.354129624577
534.67525524932
526.16643115854
539.251886470936
519.102846858255
513.416300293135
531.365991629665
539.353802815873
532.37241734515
535.709176192824
511.069569633493
514.74382734113
531.965354692002
516.607517037937
518.949420990977
545.755870634471
528.825097882462
515.508151201788
515.519380224814
515.615797062181
515.377068915969
515.460672541509
515.476311608968
515.678200980655
515.566628232628
515.509851591559
515.476312964163
515.61011405339
515.560011401208
515.489459976568
515.559994257086
515.641203157565
515.466401874074
515.48119884192
515.5885807008
515.632949574633
515.422763868375
515.421290319365
515.445148588785
515.644745694964
515.482539634698
515.518445979859
515.612198211407
515.561126190467
515.433647145858
515.555632804839
515.568787304356
515.496555425975
515.633738980557
515.502944239982
515.381212990055
515.56905859335
515.519450401331
515.64064229782
515.549634312244
515.626534527159
515.485349166369
515.58677144441
515.635935250039
515.589559269882
515.51309080914
515.80465565226
515.534538807866
515.543327533582
515.494372745779
515.485114845817
515.608163083017
515.57860609571
515.488372909243
515.491017112074
515.604315474563
515.663142109142
515.501253898167
515.491246478049
515.491170920857
515.489290103315
515.55231993848
515.587270740123
515.611612336013
515.75401525602
515.689847809284
515.506698264647
515.602149053626
515.531370130914
515.55834443764
515.570421932116
515.469142607071
515.560307273569
515.507113656783
515.434202894431
515.606218685221
515.436484676312
515.510310495859
515.643279867394
515.522108462996
515.505283343722
515.465670875753
515.548001459825
515.555837046997
515.527507934676
515.506556253252
515.531771721147
515.516364454537
515.569634355133
515.623015924224
515.570952613813
515.51613863028
515.444780044927
515.713539011074
515.609072689001
515.711211393901
515.369971647852
515.418598845492
515.630743447792
515.488466278691
515.511426613261
515.581124429901
515.457107257281
515.49730608483
515.485588213078
515.483678784872
515.472999382004
515.661057947696
515.559332074805
515.561798052932
515.53863039713
515.590955441574
515.605257060672
515.66669099565
515.532900184894
515.395197334298
515.711788359682
515.511150926173
515.569599984205
515.667407424773
515.562648921911
515.542297399753
515.464351254154
515.399817958888
515.487413076445
515.567785213227
515.541801073873
515.587298103959
515.612202843752
515.684120104259
515.517476843459
515.548745725943
515.567623486506
515.663582228676
515.577721698396
515.481829015309
515.447325077023
515.598670256283
515.631432737842
515.660830783624
515.580802014422
515.555035945452
515.523331163672
515.674158983625
515.520899679829
515.500184538968
515.562651967453
515.701271676077
515.57023505567
515.454394993685
515.540508785289
515.618438725382
515.655579796832
515.409248752515
515.505133140095
515.625773998891
515.531837880926
515.667530688102
515.521818944143
515.54861445159
515.652409707853
515.58230987207
515.563257739272
515.518651841491
515.558376698112
515.598306584737
515.45349187592
515.50140672566
515.707980284685
515.580630608165
515.670976167416
515.619192143501
515.539650853314
515.62233762403
515.621606248166
515.475706647713
515.419199109301
515.775771103064
515.545680688506
515.509315052913
515.528896079244
515.551559613473
515.597270632325
515.671353836084
515.515537203124
515.582275176942
515.488935505638
515.667089032346
515.39474627957
515.476370561922
515.589398297404
515.460258244999
515.460363265149
515.521341846672
515.490512082569
515.418358410741
515.650425154122
515.501272642623
515.529154770693
515.637735093673
515.664028432269
515.61141567723
515.527827906669
515.451096430285
515.498767838253
515.359590127265
515.597207219318
515.596678460184
515.505135648901
515.496563125063
515.533162938856
515.625421289229
515.627949339841
515.503483396101
515.615618360086
515.626483352061
515.536210785744
515.62793317802
515.61616959076
515.547044459185
515.574400773585
515.491508444842
515.530787225444
515.663130579909
515.495046417998
515.338293348003
515.571512019168
515.606515429048
515.596122176889
515.563577502989
515.657696583873
515.50219028325
515.477415262409
515.587969419934
515.660777032293
515.501253591043
515.579697857353
515.483946297186
515.546620680903
515.480417582445
515.508367202812
515.605136034792
515.420150574771
515.664860795972
515.327063654795
515.536804014494
515.767778722651
515.574355916067
515.635108034751
515.605204995003
515.592166508404
515.517189048905
515.601664329047
515.586179333215
515.655229521312
515.458681737086
515.532116216649
515.572772754999
515.509933614781
515.642681066925
515.603272997846
515.543730782756
515.489986564038
515.591244190038
515.50637089158
515.507936663085
515.559350639516
515.579132128275
515.617320637618
515.581307258207
515.599505499295
515.722510867834
515.48095705716
515.492731949631
515.604067981642
515.621647964056
515.570116291546
515.55811690346
515.485751119772
515.601104757228
515.606980538064
515.610781814214
515.502447892183
515.550757004315
515.498098761429
515.519621737955
515.542242934495
515.529140289101
515.558880179899
515.489685478687
515.670966711157
515.519075513817
515.539370531776
515.646766482173
515.59165805538
515.475775169103
515.61824838884
515.466848894525
515.447513279209
515.430416208171
515.514260264116
515.51546719961
515.615267794556
515.541103075175
515.602196637199
515.662652369466
515.476335842982
515.679101446621
515.548668036691
515.667137073337
515.516219513884
515.496580147389
515.405308522708
515.529811096693
515.318480619559
515.56617792322
515.60849291041
515.613183186515
515.553418119064
515.606117251484
515.65980181319
515.524514915916
515.609677941181
515.3550189627
515.557952472681
515.520628213738
515.650169684944
515.578196848187
515.553806528986
515.53386203619
515.526403503822
515.666454725574
515.441452255636
515.369470593263
515.460011677733
515.558571316407
515.632040493248
515.621623119713
515.5912546162
515.620319979909
515.502680462584
515.502214964626
515.541669524787
515.572579936661
515.705765970029
515.446580759352
515.575565917421
515.631075562052
515.478613378645
515.482627278307
515.532337268828
515.669971844998
515.532694578263
515.511743756949
515.585550161497
515.488158639666
515.648423950204
515.675496842865
515.452061791182
515.593409366992
515.470737997038
515.669726091148
515.492537319377
515.512859194656
515.524611307681
515.557041527156
515.53309303585
515.576793063108
515.550490934361
515.43813895863
515.468107573616
515.51113169267
515.424734758859
515.679200808377
515.525338256688
515.550574919863
515.503054946858
515.601760910032
515.503226411179
515.558784312278
515.531366859171
515.773657951506
515.591275066433
515.605337848709
515.584562254854
515.501536454508
515.636795706845
515.648166265105
515.735920922689
515.464565089448
515.529512778825
515.529075962125
515.468729205928
515.440218411033
515.607910741841
515.553259851632
515.538681006029
515.412324536497
515.569773380879
515.66386561714
515.51219903248
515.523484730399
515.571411726855
515.401143812022
515.6742571742
515.71941640177
515.69649285004
515.478286568348
515.549000722586
515.514283870523
515.441959567169
515.524476466033
515.528172797215
515.492450473062
515.64287123069
515.655749627093
515.727075360685
515.578291655554
515.605164266164
515.600936630696
515.672629487475
515.475562054305
515.57384186009
515.397715197359
515.562497579998
515.55968336603
515.460036234643
515.608321526558
515.564931793705
515.348495308296
515.490928258243
515.629713883422
515.587865691523
515.539703276157
515.597616367104
515.684016767265
515.474688583456
515.512244038612
515.47700681932
515.58420552029
515.647623186748
515.561476192378
515.697049425421
515.390369648901
515.530357793358
515.667109851767
515.602871261858
515.504073814508
515.481128149282
515.536777508251
515.583057674337
515.595708569707
515.58429382521
515.570208045925
515.410043532661
515.488902992137
515.456796843647
515.467579892489
515.468769544677
515.521331113407
515.590968238402
515.52312589502
515.587128045747
515.555283980076
515.727563002833
515.573203204348
515.418173544669
515.812885043222
515.514152061751
515.65990325297
515.609541587876
515.573620029614
515.523102399699
515.422318099845
515.422954394646
515.513996952428
515.530509351524
515.490274394368
515.625578379178
515.57998866352
515.567322827383
515.54300408597
515.575730116735
515.583465402893
515.47656636863
515.666017474158
515.594761625172
515.48973430866
515.520855131365
515.54603691913
515.463741214851
515.578938332635
515.688552889604
515.586961761379
515.66659717741
515.67542563698
515.517559801215
515.551414311252
515.579326177794
515.471429805093
515.745974468739
515.534964509889
515.503767327478
515.611917982225
515.526502478526
515.552656019251
515.469320777715
515.586226676
515.48579493147
515.557202617258
515.65035437725
515.476018902897
515.452171741404
515.688457370874
515.401415688664
515.558432571202
515.416854238693
515.784810345824
515.405558721847
515.305002923786
515.604713763085
515.493166680917
515.528845055661
515.469001287735
515.600662573977
515.566451216691
515.659043453358
515.413428677424
515.696017268995
515.630536319608
515.525662878008
515.524488626625
515.422140277044
515.61636862004
515.523610414264
515.640161922808
515.464058309861
515.465630290557
515.421664369842
515.561894423663
515.504108107826
515.605731438162
515.583521110272
515.404599377192
515.566687393821
515.453662587642
515.549094794573
515.667305031819
515.502249090507
515.495466056854
515.565433368183
515.526759554027
515.603775276173
515.749193996754
515.595447195977
515.565180453005
515.515697787278
515.458609519847
515.529595302992
515.548717817566
515.586696595773
515.609438764198
515.418593719489
515.554208211629
515.608212312152
515.594564617603
515.441086389112
515.470382668913
515.457795832693
515.419798033017
515.607992346743
515.438604517221
515.495362434349
515.456945038277
515.49469474997
515.620435606353
515.60722872715
515.464460178907
515.371036960006
515.567835481005
515.580365697787
515.52854459235
515.560311327172
515.474750202725
515.615047071225
515.61572616396
515.530298013602
515.601480664095
515.57689330334
515.560689981955
515.611475757943
515.617626441136
515.442393816777
515.593405201976
515.661907712971
515.524478934844
515.809519126708
515.526257143728
515.512804421921
515.592478414034
515.619605738583
515.605947104125
515.472456962427
515.661965741712
515.619066753799
515.606942707505
515.510365060433
515.572090734751
515.534398413877
515.60298249945
515.483196959529
515.499361797639
515.552355077063
515.494646604224
515.501536409333
515.548651558726
515.693845114201
515.452762944303
515.512930165114
515.292533930341
515.584520337469
515.562210037992
515.640319152324
515.575210190138
515.561460072743
515.57156490373
515.569734404708
515.585262366538
515.447560732066
515.509362451021
515.606866176048
515.439814709313
515.446515314586
515.575032576023
515.680333927145
515.455258816336
515.550740204125
515.613347518176
515.597803799545
515.50924342227
515.543226216593
515.573400190544
515.57567562629
515.686006969321
515.499933858113
515.630115582831
515.577789054063
515.444866578163
515.625282884418
515.635736751996
515.540801805867
515.473640568351
515.717851444358
515.52258863736
515.477855850781
515.500856146996
515.37440640434
515.438103962914
515.659720382502
515.497490830442
515.596349762034
515.654610651173
515.558862862752
515.515916170251
515.570212900852
515.531774894217
515.614700943409
515.514100214474
515.565940828247
515.531986584307
515.593114827109
515.40934970121
515.545534084825
515.606465508846
515.612948100613
515.437002292423
515.44386733796
515.59419065896
515.415922003618
515.488731276072
515.532895887244
515.43125070175
515.470294840509
515.578175731295
515.601268133178
515.463849023391
515.531376489451
515.603724194166
515.540197533244
515.649924030851
515.544152794239
515.608762137825
515.687853013114
515.491260332012
515.496754351349
515.54698294572
515.4973277432
515.453549548956
515.514981615132
515.495450516338
515.530051271589
515.549885538561
515.476925279639
515.487717011281
515.594703338782
515.516386154997
515.461456355931
515.476823001757
515.546279215974
515.549322770466
515.522575409836
515.505831365229
515.597495177912
515.570979011655
515.420088378471
515.512114454989
515.568131740292
515.677357478546
515.648779387792
515.599987700529
515.58171981159
515.535550359312
515.552554062207
515.446144150446
515.537670095383
515.691097201052
515.579598267859
515.678958202777
515.698327308085
515.541619819383
515.47324206886
515.387016026052
515.53433108688
515.764092807713
515.601696790709
515.562448735581
515.430023213394
515.48964492691
515.518496943865
515.488725945655
515.488705616371
515.547547114767
515.526907913814
515.497798595405
515.585609140887
515.572102104617
515.700628655412
515.433062776975
515.586069548105
515.517027020509
515.540487005676
515.607768055562
515.545289210132
515.535077795877
515.462632649249
515.523323933309
515.557956351191
515.535381705379
515.513394586677
515.540411939179
515.631353832527
515.505202031546
515.587709738764
515.647023523586
515.641455805894
515.614642311901
515.576639551177
515.462937477161
515.487145466548
515.484199092458
515.600077873558
515.556625897579
515.659641456955
515.566686459325
515.603521092069
515.567233994167
515.461332093072
515.580229100147
515.455447506205
515.639266440815
515.852229581071
515.619636396309
515.586131807043
515.556561241356
515.598512492707
515.515403684716
515.584872360777
515.506032353849
515.558599865675
515.552315605299
515.589928980331
515.364688195462
515.412240772991
515.533648955767
515.462523472061
515.588687991604
515.585656028305
515.520120642426
515.687334537269
515.469365406469
515.456840470836
515.487819589545
515.604962411559
515.549928226044
515.568762046294
515.551549771348
515.628398105566
515.543933012513
515.60056524831
515.619886098783
515.726434270881
515.591881685162
515.600851032314
515.544641653218
515.570172049106
515.622042912302
515.687259811774
515.638750334308
515.45391662517
515.439021027513
515.570511525243
515.532490497051
515.415688841561
515.531430746902
515.592338204395
515.451295896395
515.532116841731
515.681705144225
515.503412669265
515.541883099392
515.499623507744
515.562419120195
515.608694794377
515.573408844609
515.375620556506
515.559403278606
515.586807071293
515.395017482496
515.537448553986
515.609015900454
515.517878795036
515.525478553593
515.457648193853
515.421685177201
515.636667254308
515.594957051781
515.543090957422
515.58605763625
515.554778073344
515.667235817633
515.486999091639
515.570224015693
515.55161919113
515.468248887413
515.609811263913
515.594757182709
515.443943007115
515.611670126128
515.544617962224
515.545116762882
515.651914692972
515.48452294561
515.533753914087
515.416878056205
515.653464963063
515.5738325354
515.531002412064
515.480832292426
515.526951607146
515.516557776909
515.570846018017
515.56519564584
515.408524597282
515.594194663247
515.474246776105
515.469454642941
515.566933344654
515.578522785995
515.575441494306
515.537899200583
515.564181795436
515.476749532465
515.544576723843
515.434540672793
515.38931344445
515.457814167864
515.739171599845
515.480123911988
515.568463420256
515.460079956631
515.581384985926
515.540352299016
515.514150136571
515.55950268045
515.602493021239
515.557424164461
515.575021397864
515.458918266299
515.555030261732
515.505402274896
515.528632516621
515.445365971935
515.570253078557
515.573183512667
515.424448739276
515.680336317252
515.6866459215
515.597021646912
515.481792579538
515.488273489852
515.439386554348
515.526186841718
515.690364310486
515.479977626729
515.542415454205
515.469624782441
515.506841116407
515.526412041641
515.607603313499
515.443905546102
515.715661720716
515.531779144543
515.562087989104
515.530558800382
515.372650656181
515.445781709474
515.614296616637
515.698396228245
515.518344960603
515.548105905511
515.537511252073
515.68736987153
515.520657682128
515.493397721388
515.516536383004
515.606199002061
515.536830222795
515.537972358745
515.550403901825
515.52646853312
515.582417945389
515.59471542787
515.499221126904
515.592268383925
515.496802412933
515.591852073382
515.630477526709
515.689362942073
515.579743984548
515.531292882855
515.507668180377
515.585452847878
515.465687664631
515.521767684345
515.60222727013
515.627927361381
515.625487259995
515.483971379288
515.51795857608
515.583514509143
515.446292435269
515.53294519216
515.471770732024
515.727821715318
515.547650868003
515.652776024498
515.538320087408
515.558119286715
515.672896786365
515.548057800555
515.523390070128
515.534141206004
515.51008114165
515.628034366607
515.429585022907
515.493771611692
515.495859661772
515.496809235771
515.498856503984
515.43232642857
515.731735331137
515.612267635383
515.616342017167
515.663787342884
515.670483695603
515.563944390409
515.527190022563
515.465615286527
515.657443674887
515.522616545899
515.600620783537
515.662827246382
515.559412872542
515.446602685464
515.436994743551
515.554573371912
515.606022719683
515.622150938669
515.389005814875
515.590136732856
515.504247547882
515.387618955004
515.496469525485
515.537054864898
515.632694713229
515.427563489834
515.440928324348
515.634802767264
515.523074192448
515.651600397231
515.419334833613
515.5051134981
515.507018156582
515.61178750102
515.528614290843
515.630474654082
515.643419959094
515.621088562434
515.641810756121
515.624743687832
515.560888761704
515.540053626161
515.568079581347
515.53279523871
515.42016375275
515.729017915474
515.518536551108
515.550253991742
515.505467408463
515.527630207326
515.603296388063
515.622932136661
515.448857282776
515.53205616215
515.490235498031
515.548430338584
515.648926200264
515.593660818265
515.47821473647
515.529791246624
515.482001780824
515.52837735879
515.558767271158
515.452463938359
515.551901420125
515.522294082324
515.564272723981
515.610914133919
515.558152244029
515.63738467059
515.434949245269
515.509140703417
515.553381097102
515.529299565742
515.529490836744
515.405870358749
515.536468815525
515.572986341238
515.600733098681
515.679717190917
515.622793902187
515.544848628617
515.703686803926
515.55707088519
515.645632810228
515.639157821572
515.522610803142
515.54138902494
515.519259370011
515.571313143837
515.406467894017
515.657989759318
515.523044546711
515.501759237383
515.503158842993
515.655079225166
515.572485747147
515.642313472413
515.650487370982
515.612932097165
515.639108035082
515.565926930346
515.807330610514
515.532890380417
515.542444286362
515.562126229177
515.448982555366
515.449220294472
515.550217620392
515.446893817332
515.403383877824
515.593411679439
515.611976968917
515.64710580047
515.541443785463
515.561516691661
515.569012210247
515.627124902684
515.496153772568
515.644958701396
515.532472280258
515.609419744503
515.50293626001
515.491741179495
515.529550553215
515.376369483175
515.466839656285
515.621441843606
515.617648175835
515.507491134774
515.446914952451
515.56698470987
515.592118388387
515.582722199168
515.546525229437
515.553364551085
515.630373307887
515.620841775712
515.473095946361
515.758843021817
515.479999205741
515.585947024749
515.730893008508
515.603067392439
515.562677353113
515.562255806537
515.489431129233
515.456198754616
515.515284881233
515.567002743465
515.50453027521
515.526073313503
515.560590545329
515.612671390652
515.573874636825
515.552337456669
515.585475037168
515.618717746558
515.524562116531
515.501439193697
515.764413859354
515.665420351861
515.677151615342
515.449706180074
515.611463947286
515.575343199584
515.524872339626
515.469468092188
515.558920371145
515.628974294058
515.696909295446
515.572536656253
515.516885747916
515.724273418523
515.48851481679
515.535924123649
515.627737797191
515.610718783655
515.462489640501
515.54031713072
515.658546993963
515.578506640672
515.66441660844
515.574357072644
515.572544707341
515.548745850673
515.50917034495
515.66907298642
515.452225073619
515.520939748824
515.569572768435
515.599585036827
515.543880364174
515.649423053055
515.686531514885
515.477856080687
515.63468214505
515.329680757752
515.522852722756
515.356325784887
515.554843118433
515.488759002831
515.402192307387
515.50626452228
515.516544404675
515.536077875782
515.639586198849
515.574978628323
515.546715626374
515.384057256009
515.491737556615
515.594688576385
515.530406104549
515.588413355345
515.460523089064
515.654915101729
515.54913356811
515.383667022367
515.59956563481
515.663503575895
515.496549076567
515.495710419545
515.497643578007
515.462476788739
515.569706986098
515.567850113094
515.547760570954
515.576843829888
515.684941477521
515.715986877125
515.58897034472
515.403799789419
515.626065284792
515.55478640882
515.502978109203
515.500138951352
515.549987355755
515.558517976836
515.627138508869
515.520518448462
515.588908967403
515.657720095245
515.518532352222
515.526624326953
515.478587851544
515.48978881078
515.626608773378
515.555847934596
515.622103911747
515.545045958554
515.503302500328
515.544916397521
515.556742759833
515.445919367362
515.534927543722
515.531057148446
515.547081379631
515.46364073507
515.571740986805
515.541391506541
515.504574075607
515.562100481767
515.538251404501
515.590034901612
515.533852436009
515.543294969613
515.428805650204
515.684166951799
515.63970952984
515.629345574143
515.526124934863
515.44994216819
515.700743782923
515.550799979545
515.457598330329
515.678367315843
515.502874762681
515.618204787026
515.476099007227
515.50441144636
515.506493538601
515.519615564854
515.588757052128
515.50202320395
515.476695552195
515.561539364654
515.554472602099
515.629101744179
515.577215349562
515.523286130767
515.605125697267
515.583047868434
515.623278393846
515.589843889552
515.613566777815
515.535442695669
515.647217817939
515.460220917065
515.422852986378
515.51062974034
515.519101035439
515.521687767593
515.610451316757
515.505201994398
515.460391547466
515.544608497659
515.448910415644
515.577430020056
515.510730344174
515.54427523373
515.598283107177
515.512015122305
515.511941357483
515.526843367542
515.617520339929
515.561440305231
515.67489686313
515.589276327625
515.615041887683
515.502677426261
515.622916457116
515.624357799488
515.629309759136
515.654234246572
515.672312071641
515.61524529704
515.518192745371
515.491893780429
515.572773479151
515.468501180036
515.451366351949
515.521481437191
515.585191807509
515.552892142613
515.552331019952
515.53564933401
515.57745486635
515.45745444273
515.463175107824
515.548087123285
515.653320818531
515.487405077335
515.597692313367
515.544750328009
515.60600552851
515.593310006958
515.63411908939
515.583281337824
515.461472733207
515.637734397508
515.601080606002
515.378441166747
515.580956342064
515.472940837603
515.613682165993
515.40614596885
515.558889223518
515.484513668234
515.511999119815
515.617101634695
515.625661098043
515.592634404973
515.504472007066
515.448564330615
515.518264741363
515.586356851962
515.537369286572
515.486900595241
515.606795303515
515.589061984701
515.468856991922
515.380628714777
515.598722560764
515.600365766498
515.583474689963
515.482811554578
515.627077635378
515.346065482713
515.431340011908
515.606712424344
515.499077546331
515.538765236274
515.574884360743
515.575870175721
515.39897670078
515.561166678627
515.393005129177
515.572997859709
515.540118266831
515.602741201089
515.617047797203
515.562121599326
515.523673502511
515.56097469717
515.557582748691
515.59028607172
515.58856473549
515.649100867304
515.791279857523
515.553695635509
515.476252745175
515.711850938519
515.439335888815
515.661390061834
515.49655197715
515.483168238001
515.574939238635
515.548492032835
515.55353083055
515.540937094064
515.564457954981
515.585788394089
515.66014183586
515.421686902457
515.450794330883
515.535129468554
515.443216902827
515.475387614891
515.630029664487
515.533036246623
515.522575402173
515.560769016295
515.6742187064
515.549121780758
515.533335308099
515.539109792639
515.499536893817
515.461739841596
515.510191187885
515.543364598517
515.507974748428
515.509378932513
515.486876336173
515.624731380981
515.593959003837
515.59519655533
515.757536853409
515.542602468026
515.449023488226
515.634968449887
515.669408719713
515.581757530585
515.395290191667
515.586312912986
515.56840523922
515.520120611324
515.646981136703
515.558209955156
515.442094905837
515.558665618168
515.510737212962
515.561896617122
515.548377834341
515.632426456878
515.423472311143
515.423583328217
515.610247097301
515.523723798533
515.449236897811
515.53492777024
515.549035433068
515.639502782527
515.520364830787
515.764174944684
515.502212028303
515.456791880954
515.500715550124
515.405504668789
515.616100877023
515.593018390568
515.543217832702
515.399682590878
515.525236184137
515.702618927862
515.591944389895
515.488547157813
515.449401652206
515.54033061922
515.497657278924
515.589830540108
515.47687381489
515.604654178339
515.440363213462
515.631228952083
515.633980581453
515.498125364316
515.44748100139
515.535327725474
515.463414849467
515.562315361363
515.721229214195
515.545823215227
515.522551161228
515.499767472066
515.558214910243
515.608026978092
515.609671366759
515.664397591361
515.604715148934
515.448518069192
515.466008065788
515.489682314787
515.618730744495
515.697078507742
515.281681463098
515.741704748817
515.54300474068
515.456168577679
515.563409646504
515.62186153409
515.474775468473
515.54490221
515.575203106185
515.656133331226
515.572875217473
515.573538201571
515.604519265187
515.545298206152
515.36185467433
515.517083990922
515.512457776191
515.413035555495
515.604356015068
515.540998186316
515.604621473477
515.606774696262
515.530418064201
515.571122387956
515.576492977725
515.689272066821
515.596948606675
515.486107221764
515.513540938128
515.527504740062
515.622874012007
515.61772821919
515.606323794115
515.607392389629
515.681200478548
515.438021030514
515.736772972488
515.667019210006
515.529950987048
515.488099195929
515.557144336121
515.526234111862
515.433009091378
515.665951583661
515.464395376794
515.688199681084
515.765091025419
515.491638145457
515.572386062373
515.57206034806
515.48425561149
515.595461151625
515.502419323433
515.579123253558
515.580936502791
515.528009892463
515.465047779311
515.500196175559
515.590084450592
515.581996496572
515.554930014821
515.509465843359
515.450686237663
515.464018682142
515.508223285392
515.522736512445
515.489630701466
515.578163641793
515.471100248274
515.44743791711
515.535395074251
515.596934843589
515.479045514004
515.520172832732
515.446231578039
515.426829780179
515.685372669654
515.51433572021
515.629635252856
515.551990966459
515.543228954517
515.427673908869
515.532090463551
515.689063135321
515.515307343118
515.530264621347
515.506824442153
515.58381817408
515.380821185681
515.574661975476
515.465377682157
515.419115549433
515.329038771307
515.682975439446
515.678662908172
515.608165337439
515.569236061794
515.581959544436
515.56786079877
515.565115011486
515.598793708045
515.43169684183
515.551049008131
515.516992914612
515.691544382571
515.453687355275
515.631881946571
515.519222877703
515.431796764305
515.608310561419
515.63864761037
515.561076414923
515.458776574962
515.529781607757
515.520347625638
515.565012214475
515.55830643971
515.425798385322
515.559043835174
515.379381477641
515.443321161739
515.435533939814
515.434450037098
515.660498248482
515.640136449625
515.592965385832
515.642906333878
515.472348738422
515.657657504082
515.509619148973
515.619426060373
515.559441665719
515.500247305853
515.750165931554
515.627249374154
515.579916176386
515.647275830584
515.667193542282
515.491362305605
515.492099301348
515.562288138574
515.671321745858
515.363663336594
515.670136339932
515.479779384225
515.420136653984
515.618559017111
515.727624439287
515.488055312783
515.51503808065
515.525207371652
515.532232341197
515.572246114354
515.529439834037
515.633435305549
515.622209937907
515.675813321873
515.578386813007
515.609514040541
515.488558259475
515.529944783178
515.808606228727
515.552051119375
515.659292459401
515.556936873624
515.605400595225
515.529112213994
515.615236571615
515.481029289793
515.666507313697
515.615458907295
515.559412563905
515.617775426009
515.439633708149
515.392263322517
515.51843914908
515.58436341553
515.557546273251
515.68970061082
515.561284608745
515.533223329464
515.487611442362
515.513765108754
515.602939236166
515.494431819059
515.655313543189
515.588918891212
515.346740653963
515.560085531234
515.558263063832
515.695423977275
515.626992198751
515.618092820238
515.610853040598
515.575419506805
515.482744296923
515.425998015646
515.616761299545
515.457436632259
515.451178480431
515.508319450306
515.586639212047
515.58978938373
515.470743291976
515.563636997055
515.468249753968
515.622901941126
515.595920897087
515.67762991976
515.678055541204
515.625215963857
515.399879014107
515.449145900973
515.471440087319
515.592879462591
515.641857170295
515.516759763337
515.477209613575
515.583622048102
515.545241474217
515.715828550356
515.590138932941
515.609364751853
515.542701257638
515.464274342495
515.56640127098
515.501812610986
515.457627678279
515.607369837371
515.698655303668
515.547518076838
515.61928036855
515.61703049037
515.557457321197
515.423202613296
515.529989970345
515.488087458368
515.574587739716
515.623373651057
515.559043415168
515.630657070545
515.512455155674
515.577105467472
515.501630687364
515.381240240669
515.425093589208
515.589750367369
515.519033924917
515.384922841872
515.567588112199
515.570628961541
515.707604352615
515.625294030989
515.524446683698
515.493584598861
515.545942459774
515.540259811273
515.55900086861
515.519166929452
515.635130427065
515.514759375561
515.567647279245
515.484220246531
515.533221769052
515.601615860805
515.688728101458
515.578330534283
515.631166292237
515.484146035095
515.533768214176
515.65449698834
515.575893988387
515.551012802743
515.450661077262
515.634490405114
515.523264834284
515.542065576853
515.615654676608
515.579749218901
515.500472082866
515.60645411894
515.358369594536
515.785218267381
515.57875196714
515.570047878856
515.476954869067
515.615081231958
515.705949866174
515.595291424378
515.533973180102
515.559020533949
515.408494933955
515.499961363909
515.499032221594
515.480820959835
515.561418875616
515.561271337012
515.494155692487
515.483812188315
515.575485726215
515.693332142791
515.427606955339
515.522549089298
515.491747591169
515.520612099546
515.459086799297
515.378466043411
515.490707574481
515.503499768484
515.59045792537
515.487920985382
515.572310278686
515.608000784559
515.612304118968
515.689955679746
515.531996516257
515.39452211311
515.571284565544
515.542853074704
515.345705256089
515.4057123425
515.539239013507
515.568772160856
515.567306039978
515.53849286379
515.485687957608
515.439908970642
515.609523652429
515.502660463308
515.493399308741
515.556581124494
515.70377193311
515.585598393665
515.506991953066
515.564226107416
515.552910681713
515.547302235247
515.608804818196
515.565566875929
515.437204713877
515.667112205189
515.563832077799
515.688965002518
515.626235341025
515.568744781746
515.55296944458
515.71967106973
515.553267694255
515.57036271406
515.4977714146
515.636019736782
515.618338824859
515.52714170636
515.603110284345
515.441790776946
515.480964479653
515.570850403431
515.687307999961
515.678719023146
515.388153648668
515.554904278221
515.58523622987
515.42579833406
515.622365376433
515.423748559969
515.599723807022
515.429792932732
515.626339900934
515.509720644269
515.379877119499
515.567433216148
515.529364727683
515.454310256176
515.560999889467
515.493736431847
515.529776575837
515.54503514739
515.521024246289
515.35211110362
515.670526656359
515.600905876104
515.563414711548
515.374451639693
515.589173467545
515.644573762614
515.531760993216
515.505057227872
515.612844005902
515.462614408019
515.435550950069
515.480602596111
515.428234751403
515.471304160177
515.623475212306
515.435102991448
515.655443058836
515.584716912471
515.614033207166
515.434105859202
515.603374461575
515.525627782687
515.518977257371
515.44184410602
515.635034209596
515.567791479292
515.676797189015
515.636866335084
515.574943838941
515.535870873952
515.563341524829
515.626493154625
515.51854936825
515.581858419037
515.719458819826
515.675240294947
515.582444616109
515.508176661265
515.463981637186
515.674559692712
515.56028547563
515.44192370234
515.566397852693
515.563807036003
515.549259404556
515.637518276999
515.49935550316
515.713575274149
515.678318066999
515.598996727621
515.559134600842
515.561300010228
515.603859680141
515.655476130737
515.522907723677
515.654184595123
515.429111585452
515.734208495734
515.620022047462
515.657896016855
515.6105090597
515.59064343367
515.35700811567
515.500970332226
515.570776835425
515.671539805514
515.6070323399
515.513848688208
515.46632289636
515.599038727571
515.456298351047
515.472956807789
515.580999767114
515.341504216176
515.446556890867
515.433900609705
515.4847501505
515.539889848568
515.474826877908
515.594829363939
515.52822599462
515.59152631336
515.561009871742
515.494203787453
515.571437299842
515.546093197455
515.492688026374
515.552863852698
515.593160829809
515.563441853965
515.623654491036
515.532237744186
515.632975611478
515.568491233858
515.438711028639
515.471390654639
515.387508825493
515.534868505986
515.640589476536
515.64538383759
515.581000042221
515.455521230193
515.425903675354
515.697512377337
515.516122518045
515.633059207232
515.529750811419
515.437681943241
515.482567343817
515.656977590796
515.605084935093
515.59647766843
515.616795062678
515.580294103838
515.587292249476
