"V1"
526.602009036635
513.449720195178
502.228514952786
498.185338913898
514.21409174354
515.416096377495
508.966734908826
510.469407310912
504.765015483207
523.325190058995
504.811431530209
524.169623890216
506.99187367928
519.855194510992
516.399835065903
509.077831272142
514.291440600039
521.002945318561
505.833027948572
499.131490394999
514.785981319455
531.082996191069
508.904307228899
520.96332534786
487.210421355372
499.235660854581
528.881428751342
505.022684439374
522.808435383374
532.051609980296
527.623904866526
519.506568502741
508.859539693547
509.143721581361
515.932260362698
501.602533001914
510.244688167886
521.925817681984
512.724680462202
495.615434049172
507.136772198341
528.06135675148
520.0780348452
509.419628222555
517.945561520376
538.768776613805
503.954013210168
513.271946300263
516.971825920182
514.905849914643
514.648617733572
519.876000193532
516.496534030009
509.075482747192
534.684717505382
507.811467940048
515.318536584505
521.612602324952
508.130354655783
509.910026158234
519.10247206241
511.345274272557
516.282077149458
509.846151539755
532.190633106182
517.181093469143
503.352427110742
518.903325257276
523.966670129669
512.425600171517
528.916399662525
515.922354951205
499.758015703884
542.430715975682
519.519055243379
539.072359961707
512.855027758115
527.597451080576
522.924249236549
515.095971208994
507.925163041524
503.844456923613
510.201367473351
518.98032357947
527.3687208719
513.986037115809
525.875875695866
502.345844221485
519.205354323366
511.215090264617
510.114992121886
517.420508128796
524.582590595075
520.930190032405
510.097171476191
522.493371183859
518.664935787131
504.527155940351
498.611237845891
508.521842363866
511.633808842944
511.466795458185
504.453491040147
509.336366880261
508.222957509357
506.852808426167
525.808577449238
514.601158140571
517.099802978698
524.403797977243
501.009844518196
501.872364968565
502.452831611981
511.365494208128
508.95161070559
516.523457005494
507.784302184465
514.956927960326
528.742126598772
501.829273545961
499.549183187444
514.723394325885
517.644353749631
509.990465446154
512.16816760956
502.263187481291
515.043013798159
519.491020853625
508.793865015702
528.197688013998
518.149441811666
512.858594593719
510.161148805144
504.073056323374
529.922014265721
534.412445262477
508.92731892487
504.332978269779
507.149325413332
522.138541822403
508.742987070516
507.560818323961
524.734043575984
520.205586597522
498.002448980174
515.058647020006
521.10667207627
524.516506484721
519.798533908667
518.037807240247
525.481328100753
516.425234427242
510.968689984232
516.497543802756
511.837964220491
508.273851981637
512.151733782894
513.393037204024
515.349427270076
514.70714684331
519.273875470457
509.738593367104
516.938274205617
524.580356599984
503.434059361722
514.109792503833
500.620072940397
506.372443980292
501.91349368769
502.630791240614
503.64198230713
515.240586522834
510.147814062952
504.157659922654
507.889521043386
525.434642810718
539.441892825558
524.673473451045
517.914570605125
530.244343666207
509.091906129371
510.222613946761
514.057576617265
523.600563748945
514.146428021418
521.810386179926
515.772513896313
498.254207025337
522.064349100376
514.88088265612
532.693142642898
499.001413186272
524.437183164586
506.898623315527
514.896401920294
519.271836050187
498.513196577429
514.242648504894
514.777397787954
508.181390803539
528.177270520574
501.792829164165
542.783419085499
523.383130213188
517.020959693463
517.695955956291
517.849989138417
516.344991263616
513.636745802587
496.662835251754
516.200950089315
503.95116264272
515.447761312493
498.969612515799
523.668338047295
513.521137047966
544.804046963118
521.800869026626
493.076634760697
504.078943094297
522.751771379474
516.801305928068
513.843772768941
495.93485037557
505.23312229099
512.978663490926
527.252140364007
515.550878180288
503.429403836838
524.552315900512
513.704323262876
524.886836185312
510.881724161801
514.275302669295
506.846358546785
517.415824728353
519.900431289115
498.18512973514
499.97778663235
498.045704645821
532.984186945117
515.816490298691
504.792769561293
506.245537932735
516.830455513004
516.352444924479
507.769432037218
522.952495215952
505.580044590608
529.918503502646
519.939807926069
506.619595345748
513.655292360041
528.091857152494
506.982754497582
502.547090572095
527.482957913994
526.543249730756
526.639577601448
527.528019524025
500.656637205705
520.505716824716
507.643101956856
503.341314136437
507.096989393966
534.049575095604
527.644016239999
511.186559739115
513.975636743985
513.762825628578
516.012265487749
511.47994794382
507.83219774528
512.654057156554
493.699085106508
494.524034527246
539.115955741582
510.137853975766
530.42492526409
532.963240794147
521.175776304367
536.104970721309
521.933704486198
506.162172575689
506.901868093713
503.071420756297
513.816165026576
507.229237817646
511.558019177798
509.819275759759
518.454168689314
519.637300894143
526.780820456488
523.758033085469
524.69769153943
520.324272668863
519.020558924357
514.351846939777
506.991490603715
516.062562190433
521.788529576002
501.725578278042
531.058892505853
530.261131769158
528.777219856285
530.497082279054
505.075421214558
531.852196701507
498.791168043694
507.859503081065
551.983717114021
519.083459109422
511.520214379306
517.876979374609
527.224053381546
516.81806677683
513.666232571711
507.092206477577
514.223980955875
528.113034260933
519.345394787524
497.738416552287
492.319906116493
508.061795103035
513.301612116633
523.286197283487
510.090863391589
504.600675869885
518.622512982933
511.699917929947
512.083232161238
518.336802838724
510.880978121386
501.330513776401
518.755280932453
516.969259575187
509.510799736545
507.290738712014
506.230671200522
523.193816879536
536.529291748422
513.459939786868
519.815878383273
518.518806478333
506.516365352382
504.841486229293
524.044573570091
501.045252007603
503.867712465638
514.814952620159
509.428753604467
506.940049694015
502.153518142448
507.266828636005
513.526109147783
519.267155546963
516.640594570658
511.404164702563
515.239191134173
524.953541940247
532.654831624639
511.875180960325
513.175654800926
497.90548060186
505.376251323194
505.464976370924
526.580282378631
503.301175815172
516.503217781283
509.306193081745
514.541376360395
516.527208586026
502.222068197744
520.225092718798
526.488436873743
516.806024367489
511.344813593548
506.307553578229
504.052539422058
516.23351597261
509.816774381162
519.122958732001
525.405982943164
504.067169966488
510.931715589875
530.497281350669
512.341179203144
505.112588151543
518.614664395587
513.619814694573
516.187388579697
519.193786896526
498.950473556283
505.404238655849
507.677484047419
518.78661953365
512.84653724979
528.972306714654
510.34445172295
511.144366975345
519.710826105253
528.143903519838
506.620154469475
509.231883795673
517.470024415939
514.373897877852
514.302869635879
505.527889469186
503.837907625732
520.206072871572
515.138754639671
501.792660488209
517.100434389178
515.666644558798
513.269991402512
509.37225198041
524.582189537378
519.457874146711
524.865632567853
510.165393285084
524.279424152448
528.495326401764
511.101478326389
526.276512351794
503.383867317747
509.657666894123
538.182869370664
504.932796544205
516.458197254955
511.321351432816
519.095129495872
515.351458368102
514.447672337991
506.408975295239
506.527154390322
504.659226321039
520.216747855608
516.969852555315
513.905892468132
510.93117970844
515.053004785437
528.9754795642
504.923462087568
511.030372678875
514.260053821217
502.905530546957
524.36123455881
504.932065990925
505.111787300251
533.045411184603
516.493895833135
523.277328271359
513.49770700133
529.553236810352
523.192542452127
515.647849786107
510.695688944047
526.671462738504
504.215424532266
495.690041999091
511.325835140844
515.210967758301
521.088717540826
511.432878905136
521.965740048725
496.72681685899
508.648635735721
506.602396629409
520.692274108362
525.076583008799
520.398096284227
516.062385163453
518.822997353096
503.868608017886
510.757548170529
521.795990893517
501.567035698533
508.31674439463
527.528685803637
507.615016531627
540.744491397473
503.614380905477
529.042346264141
513.487071376475
524.982670174888
510.232082586046
504.669163881983
527.874096179762
534.46890771148
518.534206388924
514.94464419703
519.58154921356
530.18944132557
517.950720635608
518.673917992316
518.489335662697
520.251909958946
534.55495843566
509.531870062224
522.984125229885
523.002554339853
523.448237193024
510.616095201225
533.214533232831
510.8779987502
510.794542565174
518.509059391505
507.963752263311
522.103554516984
527.638646011415
501.990985457794
519.063589271921
512.857320664101
512.785786758698
519.033366114618
514.205043580215
504.821720667995
507.929656629416
516.549288116277
505.525211661591
520.113497749422
510.03803256629
507.676266056898
502.131830255013
507.775067180986
509.908566369546
515.093545039337
523.554588212766
519.658280713416
532.199666795535
502.977638348275
512.74029342749
521.860013400575
520.254870471431
524.107481980384
518.457376369426
512.616075040011
537.813374646783
519.256830501651
516.886344814505
509.967541715796
512.019947854415
507.049642817394
511.046890134774
508.954485764975
503.005132906568
501.679263935778
516.129220302649
520.676110443612
512.002799283584
523.014651284854
513.937560696524
514.744936347172
516.909235704899
526.328343750518
521.032173993616
512.476669283797
504.566530918212
526.850163426362
506.982352523599
509.441839521752
521.946686779592
511.469548698748
515.45636289398
505.330927250704
504.627185276289
513.585896079989
507.074360010068
498.381518167403
531.24252683603
526.239370176064
504.952915755938
518.879653161254
508.707219984185
508.719840329471
506.242404608653
530.562536431766
514.433053891134
517.191955004649
520.969786643853
510.115551348256
514.31554798606
511.197940522395
520.572440172767
516.925416249699
515.410472292476
504.162938871433
521.377179237697
515.732455079161
509.8154391352
503.514442533214
506.995361527744
513.921562648069
516.173675193808
531.027232593912
505.632448136817
536.851035599366
505.683737926853
520.622989581932
527.930271028104
521.021773525232
497.655564744691
490.805910005032
523.274921043195
521.148820211827
499.781966210576
516.848038147962
529.690145284946
513.752693186872
527.956042573887
506.289637424628
517.919433304834
496.94561840758
520.9309198023
509.81709599667
507.099298268515
512.80280803145
517.24288209478
513.003412259258
507.769212094865
505.19428466683
522.778256680755
504.226855500864
509.240259325417
507.841132052013
520.121364136625
517.842568574551
506.55904480214
518.982696753167
520.826253429553
522.163257840863
522.157366806776
514.768412756345
504.766637721666
510.075127103366
522.370047728387
524.596324206867
514.345937545524
505.195429510867
502.5449816822
517.156981076399
537.053397777001
524.024327477602
516.694451471075
517.758167250514
514.983948646372
513.376748122331
507.631939122829
504.190017988832
508.40272708226
510.228622662512
498.364703113885
506.379605674577
500.228033435114
522.305186280865
516.250199548015
517.561797797108
509.251021732592
523.827263516329
522.184639399674
518.000474671523
503.269662070763
523.976449749123
506.618394976424
516.559268106228
497.833098951703
514.320478356623
516.904386705932
526.530905484681
526.581828951687
524.127215588383
535.520403282554
493.779559393697
518.211567900894
526.141697132551
499.112338886189
508.840641920256
513.736600229723
522.954894166495
504.986654000087
514.499968420527
516.473839866179
510.130097942533
515.844225422281
508.289121866035
515.173989361704
507.757450381767
523.14506864124
528.029807491694
510.948840942002
504.680172950668
503.304794205527
501.236569379317
508.434121712879
512.265648650545
516.44945171113
512.281935950506
508.535818906741
522.921851728944
520.615663350711
514.498681714438
512.305556241761
511.545721588504
521.112109339293
509.523166904995
516.356812342877
505.217302086641
496.583637515744
517.933424529385
508.985114380778
511.449430753771
493.947724306559
519.654018770325
510.629600747743
524.620244023625
510.809501706618
519.090893906327
531.058105362909
513.639546261612
531.911502738454
521.222066023223
516.656436275131
513.566926249726
531.578498149053
505.147686316478
505.538460471099
514.67457139655
522.699078913144
516.797553571065
517.046643191063
493.198657448671
512.227256453807
509.488066534861
517.140198154701
532.020377817724
509.849161030542
532.68756022056
519.711290365169
517.098981151295
513.838022610611
495.785228738385
497.578406728612
496.477091611608
509.179311886681
505.870045213009
524.255522451312
531.797049937011
507.125610986164
517.085854221721
506.823938939158
504.176431584778
516.617998390563
500.954810936899
521.723972673571
498.969078816752
505.282238704847
510.521893506874
519.263664068771
522.091723195128
502.168756013253
506.31985041473
513.53665244152
514.735555929438
502.539706161575
514.35819065827
526.544899200212
517.85073123035
507.96037774295
508.951201187138
512.223536999305
503.652130039354
523.851563988519
498.67604254605
506.518652477566
506.001948263326
514.252089350766
528.118170319357
504.026124949825
497.902276184864
510.710669616488
526.305897706862
519.277598249047
505.086021356175
511.098235707085
504.110180683994
506.46170933673
500.629971600993
506.85137559971
506.965594123807
511.24238520332
516.93507697788
506.002154484527
504.355460062419
503.628157998756
514.191615944547
505.534623337617
515.286697766366
521.683838794435
514.756740416743
499.163121131249
517.378122755211
517.813008878688
510.388615332188
502.985985578454
509.933522571869
507.039267842092
506.048847755512
511.090039352913
516.507900405095
510.619032261883
512.55087370039
512.824450437119
514.47214591216
511.475619420847
512.702083531806
515.510249665402
521.457471032299
520.254890107391
503.91078564942
507.842770104436
508.162628110518
505.7048005819
523.811770946967
530.665691128666
526.138356612598
505.548526989933
526.022411675074
519.678667791282
499.093085027473
508.157321035737
515.753718151438
528.381467340327
505.152694345637
511.961092533706
510.382763188494
500.499602095854
514.429072046436
516.529256875811
536.849300359271
511.619917972734
519.536839162441
516.195790266348
510.706844639815
499.49651956619
501.117963612374
507.473036892445
517.630381723074
515.917210018232
537.302043358754
532.714059199623
508.444529178566
515.364514049059
521.666320510577
525.220594863622
522.781300448812
518.606219063312
515.821372465939
517.018868091172
508.792990640934
511.458638667585
524.257083004891
513.54901132941
518.125345461675
502.392053396292
521.142133037805
531.492723360803
507.807393846831
516.17051939407
507.679507028048
508.713146026755
529.762410559624
523.390124609916
514.163988747999
521.324124977339
517.299567273331
523.920887269402
530.571864613491
526.676867824689
506.49938653166
519.670120689252
500.092431818776
500.577112435291
512.614728123064
515.028455077893
508.873286753039
504.151331435048
527.182491239395
506.254563488584
509.289330493608
513.12260534724
501.308248788783
510.69479691966
517.270427169463
515.803541205261
505.287159014446
517.73607908136
506.442429298486
514.556819675489
511.138717088974
511.456826387376
508.841940222505
517.828084151186
493.926418872354
513.915467032419
513.704815062413
532.254213310677
524.36513874664
509.951061630182
519.958494374889
515.722003487484
513.945731854459
510.677110850906
520.157571107351
525.736147707544
516.232483724173
512.336356316716
502.571530191306
509.808467868402
527.614820492593
519.030355455401
504.482512580577
516.483898573065
517.690511171572
501.864384162027
510.245453811916
504.310860412132
506.904493923235
517.230421817389
521.407701416795
511.309724988586
510.688436851775
513.287206911794
514.911904319474
514.338733237595
514.220399425401
494.884155284423
519.118340583023
515.196828648054
523.154684318189
513.187914008448
504.463144766151
529.129943624744
506.529551618698
494.173970314896
498.767873396336
509.876102275442
510.967877487367
513.586411792898
511.802638724407
511.361765865765
514.937422483727
521.607724987846
502.793817194985
523.974193688386
505.423867422773
517.949320449973
500.912611872502
516.59543607607
503.860335061433
501.529775100098
518.621163368587
508.217493750145
495.41621190261
503.230509407418
512.561182724743
504.573530875182
525.349569193802
519.151098318144
512.512186911802
520.616266000759
504.289077299063
502.116794476924
516.464637985586
500.189293864152
526.422397190969
517.597267641652
512.86587219204
510.576950193374
516.757594157698
511.169422586436
518.933514169188
525.738152654868
519.834019927543
507.1851540859
499.547082044001
517.561060196597
507.675773345399
498.600227663529
513.868786143216
512.635287944663
529.755776291898
509.08764534252
511.209986969182
513.84852770286
518.424718714857
514.888417687791
519.902643926244
509.184271485188
503.583910283709
501.279825482305
509.574947694272
516.874677900483
512.167721701485
513.45880830684
527.886098329234
509.136636867854
502.806942005988
514.321441999765
525.180981143871
505.714420518635
530.20661197543
524.158219144537
529.160715521056
522.910769268009
528.499752934606
526.91176669117
519.220196745455
507.871718119894
508.459628076849
512.632135637568
529.924614851161
505.906175411847
514.478555387828
506.756712709841
506.790202672982
509.232253639912
511.97285770873
522.178081289771
522.62676458824
523.440852388189
506.135575450081
500.494008377533
506.664325832322
525.054737812949
506.409014480736
513.303332616821
500.784107583667
518.96116568642
512.244515284176
520.88531475854
525.973599618871
509.246193361845
516.158647772598
496.200875482574
509.406418921902
513.712115696721
512.779652709979
534.800096883883
521.323341139824
509.923916494957
509.155308696022
500.796375472075
514.335138094384
505.946625911543
510.715920528335
513.209253383833
511.483806390756
511.624074383652
510.174449171777
510.824971987049
518.943791104021
519.255458818871
518.664081457835
520.118318754995
526.40079998393
515.633956039784
528.014957198181
535.761332562178
518.447395043109
511.550086721055
527.186733813045
522.757740549875
521.457407157102
525.885744103191
512.728286391869
518.396220969319
516.372790857919
514.788788501061
512.259167269727
534.583611665293
513.743085447872
517.404727105843
524.783905889555
512.282684988317
520.57734181659
505.616244841432
515.568738186676
518.074576331834
518.191699028927
523.286542932835
505.059899596911
513.034477619225
513.842717266879
505.059147029586
502.821613567058
512.601277036503
523.245986823585
498.25687444895
501.29705842424
513.049446913364
507.000196471465
522.833448379729
509.385645608531
515.122004570844
517.050276845913
527.070013750424
515.197989283871
499.482205228418
516.118033432687
519.834671267005
522.050085083839
501.244561451063
497.123076423126
507.144278860492
520.263050689322
517.593572299233
503.995526025187
511.507016937363
498.718466826811
506.928228528836
503.992210675457
514.622837153899
511.008073995527
520.996274553947
523.820852561006
523.941885388945
503.020194847894
503.660896086274
525.422066331498
509.609837627606
535.093430603047
517.303385360144
520.801911631268
508.582670219074
520.08160990603
516.99519307395
519.977374212311
538.838120201208
517.209371383157
522.355854844419
503.329374741201
513.17341887934
509.025627484553
506.9056135099
516.021928619532
514.507768537573
512.623856658923
514.395883345023
517.79421056326
513.531236009555
517.550423431085
496.901132787189
513.219121353309
511.76431287357
511.571379758868
514.82331484149
496.850033997346
511.079184248315
514.565485020336
508.673443399242
520.950239715729
502.834913721131
509.2140140363
498.867891650575
505.046105397123
515.267747153992
522.768847873112
523.869047280875
502.109302290709
536.310059146224
515.692156070573
523.189082718813
529.337746364471
514.530116725703
514.208205878819
516.810040675927
503.3284368114
513.422739394867
512.253086343285
531.916834031209
529.430468318658
519.026585247032
519.74863146216
525.640619723038
529.08965882648
502.380632886627
508.8389071445
523.233409428703
511.325250900161
519.867743959248
510.532016374589
512.337931490455
514.002496480088
513.341951486186
520.761996274653
527.639504776316
519.834015565521
503.007482764027
498.394321405084
511.830516233948
522.458722463894
508.580676747853
505.38497485234
520.517100961183
515.401358873849
520.706039483682
508.909570010423
510.33292481166
520.949870947177
504.182101684976
523.347596838221
512.121668462511
515.911901547494
535.165512454826
513.259839622983
512.85271518078
510.329778335319
516.353273987684
507.331077906914
533.09046612921
505.6221675155
506.608409517895
528.256257717191
513.383593244977
515.122386961576
512.99161431405
506.903756619969
509.971927681204
510.195873724086
514.825165162296
525.39095511104
503.934826272968
510.33912986203
519.658223008784
507.116646635224
517.464684696755
510.217845956032
526.99066156811
506.29454555201
508.359810452258
509.863314309251
507.515952608552
506.661796389498
508.948363070884
507.825233214569
513.446049373676
492.025949123214
507.083970862031
506.229252825558
519.059759844478
504.803871362865
512.60843937854
518.210075445428
506.886448637899
506.625383224735
511.610069309628
502.776014821621
509.739220476222
515.093898526915
510.72439478917
529.980979542181
492.671500621337
494.959926126498
514.663252896762
514.145939811515
505.381511778029
525.04574391815
513.644495394927
529.441285824586
517.326577645559
510.035754404942
517.453186345544
517.957169428868
516.146982546794
517.077167434079
528.181101323982
514.546458229556
513.066387673474
512.756061334922
519.33286083652
514.537048158753
506.962438841034
500.530880955573
521.882956402817
516.193658269098
508.683127987827
512.297497041423
518.390805675584
506.067119628873
508.654096099999
507.215475610427
497.27524997607
513.437103446213
507.080251710593
510.470592293903
506.643375664272
510.056874235782
505.25326449544
508.682742868427
525.867862483529
516.74913533199
501.806267669923
503.668766439442
511.461161513146
528.216753937724
510.028584844392
506.602304249773
506.470939726438
510.747474672547
522.362682598038
510.647248969721
509.826570079225
517.466372285485
501.61814845205
510.038406044288
512.558160787248
497.725468972041
520.792198914972
496.470754663603
526.09454847861
515.071803070245
512.348253904014
516.284081639559
517.932710922456
531.231857725458
504.79321584252
519.972997365791
513.69232392203
500.945865227566
515.241074066211
504.146885674149
521.424249759021
537.96442166327
508.247844676488
511.514410556688
503.191095093926
525.176841160032
518.529904976442
526.921187587679
509.737851690343
506.891442287807
532.624729139661
523.120770975633
512.297662775011
528.798676939933
515.862844119911
520.803990939406
519.226413602741
531.319644325384
508.002590079981
539.416427204185
519.693060078262
522.890537949769
522.386938571251
515.113148605725
530.662331022654
531.766752438744
525.330612874787
521.047376964925
527.487746117058
512.6427461253
519.712206192104
502.218574840392
495.156656936554
511.540478126638
512.48916514231
513.809288805937
521.120885238665
518.886199536073
514.750028321173
501.65265187689
504.367184470521
510.285616590704
513.914418793373
511.495030832274
548.642850424238
517.82419037287
520.654633908273
520.155527903339
503.926309015309
517.400153897004
520.120959815825
524.239927393908
514.036610882312
528.559983787799
524.563863912366
510.722375750046
520.643214910507
518.33105899893
519.519699867615
524.586740902081
521.008610983571
509.285703651252
499.651725067866
516.036425475736
517.672843260994
523.588770413014
518.778601888416
522.586750168893
501.508678440126
505.471056476335
503.548266334688
510.203618257793
501.518824638111
505.856057907149
507.174203611571
520.594609856521
509.419466503502
529.199648541734
517.562503127053
505.336333188586
525.901476756021
507.638278204315
500.826485981904
503.255602547289
515.389638428524
513.070646927969
500.198852755009
514.021748721173
528.034164439511
517.352976617734
494.904071926196
515.879446393097
509.047740946681
517.93477864133
520.487728785595
519.035070593644
508.24545717545
522.614527057141
501.280089526385
511.03310486058
511.498537905967
516.629729130776
524.635362505124
509.436957495631
524.741178767582
526.163177136472
515.867526487321
510.492107093985
526.629452582049
508.525761557078
524.50714460841
517.103931851348
498.954234925534
526.960498597196
506.454868460523
506.502863272774
515.4634744645
509.029123161433
513.275028935325
513.635579139405
503.082285909387
523.659305157739
509.960945821514
509.73013582389
507.962546427187
512.974765765997
502.405485256464
512.169980342741
509.175838514114
515.586216814911
509.481400590154
504.421953088325
515.692303889667
513.08739673768
527.797620038843
503.376586192588
529.067286339662
504.227341416535
536.089502759075
501.860914107977
496.354263124429
530.861829507591
524.045938938364
510.606827399273
510.69016478138
498.558309549699
512.727927435149
512.983361651487
506.265447434509
513.74317033296
503.442926388247
510.484146732999
506.190177553468
507.623158193045
507.359010232446
529.088203452529
501.38955893458
515.105718258541
530.697685352437
515.752404285979
527.986062568748
531.95997146693
517.707075687376
516.271516162949
545.311836032266
520.458173710701
517.04572547112
504.230122888188
511.587543975706
524.583007742544
521.60981974554
514.214617986609
502.783544304373
504.448592679872
506.830194049327
517.154610229303
506.243817586817
508.306316592265
522.456750466912
511.723683063495
522.077261052219
524.863747449704
516.305126262212
514.987776636739
503.273501997265
515.87907232116
526.214797701807
509.616052726738
521.619453997291
508.373910996665
511.117400224767
509.918534073021
516.259020306596
532.948739565473
502.624940010126
519.113139996377
509.700193587712
508.840653611695
513.368629670125
521.537641687028
527.550639693985
514.174734764149
524.321805046654
502.012611876475
513.090220073429
508.743344140895
515.032756377866
524.066688700554
506.047842597771
511.718540282068
526.520952206859
511.480339631711
526.163390842877
520.980109474322
535.841184469676
530.312466553836
510.410619398742
518.849750318764
502.708838414839
504.256395413838
507.867521815071
510.059548267581
508.973719707245
525.691486282259
510.247875795576
523.946333541919
509.358014417352
512.881514409767
525.461331103676
518.697196372162
524.306005415198
522.327767429251
507.01527195526
538.206035502287
507.912974874717
517.571468058659
509.120730679
508.390911992352
517.41317706744
502.927851426022
509.366186772491
508.579978148961
514.486069476952
512.745879299055
515.387760713563
530.614643175429
515.004186824388
504.05113877921
533.824636780095
516.482270603554
520.250784062211
509.204963900136
515.354084186471
522.666350038922
510.536764935699
524.309558973008
498.678127986636
507.64980960221
516.77786496
516.433204393623
507.155847060288
517.232530548779
495.511115390625
522.275617190981
519.598027512773
512.910840154312
501.300724271796
505.429606746697
506.45801976069
504.946887381341
517.383145275054
513.760719617783
504.034728099842
524.680103812977
519.743904046258
522.746071158572
509.5030417234
517.298564193897
517.902895314459
514.501503587867
511.424701526049
512.222628812442
518.225881662496
508.292812737782
531.300697165982
524.874947745134
504.166262408377
517.796468657074
519.586689939114
513.150766106967
511.447236338544
507.578024157854
522.006575643757
512.971235785157
510.869962265072
512.275445978064
525.036181213818
520.652832928857
515.763082508032
517.200721419023
508.734786143048
517.272820627455
511.999276720139
526.334232043307
522.483918063959
512.702305438425
530.508963459024
514.634457817426
515.987884443045
520.526452014487
519.708461713149
518.790030294545
510.249052541493
496.82067503575
511.838468611653
511.015760592302
507.765591991462
517.347229002389
509.661817039263
504.54474224956
519.707358995533
524.905751748623
507.622420757438
499.788408020364
504.276177246901
505.682718089369
509.983524624931
501.934051929297
513.372746705952
516.439723305689
506.755962435534
531.133415350327
525.05935960532
523.557496433092
520.181291586867
512.906663647559
503.845598580965
509.762460407621
505.301868195044
524.261440376213
517.325899142439
509.605820713799
531.505317817179
516.585178677647
517.311153846525
502.621020850724
513.338445781979
509.083920234452
504.325959083777
519.465862220005
529.333038505581
523.860733708458
522.700900617027
513.832660603141
522.618089062235
521.801132518878
503.402101930619
519.669390142032
526.299984919787
513.840358811938
536.402746063116
520.095621588467
512.823600471237
510.899057655431
514.938531482491
504.069363459517
510.272678996556
520.371409428162
519.800426258101
512.977535749551
519.45067727507
511.353838208519
518.957756093573
502.003931321462
512.568518772523
510.614330509637
512.387648619621
508.542785938579
522.222046181866
508.001402307106
512.409155955882
505.895240497085
511.543043350913
509.131651055283
507.033973062463
508.445891672392
494.778561403119
505.306712587208
529.883515226476
542.243962762193
516.36918068282
525.458746064937
500.524370741033
520.653213622641
511.859368007347
508.502954951832
505.933246332371
519.973547806524
529.937661880291
523.115355649922
529.430950439564
521.714394935671
527.79179355552
506.943279856775
521.350642126065
517.559367173406
531.352568595444
519.49307139344
506.527480630947
503.026865974586
523.834971432528
514.803933321931
527.019427116934
498.004519305923
501.270752509527
504.666148238349
510.475159400512
510.260324416793
504.307274205546
525.602135673071
517.627990190725
506.749648583928
507.542276154266
523.36299083148
498.041332717514
524.326998871965
511.11852944202
507.583908626569
503.223568488282
528.182545837847
501.417273408213
531.053882483574
508.661435494816
507.816671498223
510.488509290644
513.324709949746
515.288624001764
506.396116409013
534.609960475576
519.494439625406
509.871958503263
518.595238026654
520.081542698921
513.044848849686
528.643581341119
514.133991994445
507.986903483784
512.093489784907
519.108417340344
515.294023497171
514.054381340998
534.90472616463
508.130909917784
514.963117178611
526.40626343201
505.793100573901
514.490092883678
508.868019848854
509.959337522568
510.419197291733
516.291343542685
521.52726216729
507.707242517429
511.906701976011
494.867263362462
508.70112232626
518.921742945288
498.073988688923
510.859467263594
495.369405729211
498.579434176641
497.459166041307
520.461445182542
505.615662230878
500.97392002743
526.586442658728
521.598848929255
525.287138974877
523.329420403673
508.208784720279
520.975842556785
509.856497040236
532.847939879996
514.08972828786
530.0328713372
504.508937617072
518.050515048428
505.618323417594
511.541600392095
531.074585431465
514.825540096067
502.828916751521
514.593645553101
497.704086180587
516.904572638778
494.734313028525
519.199548648329
541.473590225844
504.696920884013
527.438383097949
509.328804016315
526.260075608765
514.007030610538
510.979975578614
510.230483454671
514.787388029166
512.494750813709
513.429847044218
534.407153576673
535.716052184998
532.389219093853
518.406571159985
500.348433188926
520.895825153518
500.955972122704
526.119720941854
518.948092221815
502.964033070059
506.029033287888
519.134351067544
501.150367542028
528.18515730498
522.318680311066
522.106468965353
530.104897418743
514.497049214816
540.322270063391
519.893673434442
520.187187332868
521.188752618617
518.809035168339
513.944823986924
518.97290488886
538.003507743165
521.071752202597
516.176593737299
521.038187645461
522.313424211102
512.932566568896
523.915770822624
518.755735205047
518.135095736624
497.781042590542
512.830521481575
520.740556714835
519.707982990272
518.48342474099
515.786899938804
512.95184391458
512.240521516694
522.347510012849
510.467761379226
509.090642991577
507.074597826271
518.776064838229
504.735567691832
505.662504230541
512.99833370097
504.743326545837
509.133777653678
509.414102666834
509.23212167902
512.060634488062
520.205956912837
520.668866207543
518.442564156815
503.034801065546
509.178327616355
525.68457703915
515.59972275196
518.224356777751
513.512136136008
509.060241248529
507.520552499464
512.864328023875
505.425881017478
509.916064985763
494.595073721575
512.113187364807
511.702828083844
503.286883779844
513.880880192821
521.347636812476
508.735107014866
500.524363687619
516.485373699442
503.521591018703
508.069792800264
541.242215539699
514.212104489849
504.651465820306
515.25000439347
517.192083633348
502.434307900237
536.554187846878
506.045655484019
511.638300530064
520.758368925779
506.719692094162
513.357872889864
509.457619301043
505.758614610868
511.565735015137
514.776465063572
497.217967229486
525.679494483979
519.298713675387
504.168482027489
501.396043951891
520.647907970992
512.434209544426
518.729217897981
513.707259238395
512.3907302041
515.51386443679
521.172011509386
523.994325150355
516.519255969261
518.521954001959
511.452396576459
520.911549682278
514.124229515381
505.670052916324
506.935444670766
507.556195381666
513.385530970878
508.816181223713
515.168516300867
524.515403966206
515.680077230443
511.515253908241
512.88102807333
543.076024529529
530.631047306339
505.597122076655
530.349989810589
502.510019021495
518.163038498102
519.575923015768
520.017118574275
518.010037528534
501.968776344146
520.101213926049
520.697604033122
502.1521927071
531.121010273347
512.568993567939
500.514760323696
520.231215443432
516.548635304538
509.342639738766
511.997936474462
524.183448613135
494.824371720506
523.331531196881
505.851339770556
527.623669646904
520.869340486982
521.702441973455
511.110235692122
502.967357128276
507.324269439573
525.530568327669
532.039469856325
503.932236899049
523.065609511633
508.105631477753
524.382829558685
500.9457903623
