"V1"
479.562356981461
484.883489570979
486.880247821008
504.032986951788
501.843854127507
475.596698042903
501.193717809775
492.692204748821
498.658726752319
498.671961421734
487.293465824231
525.428869045837
493.692637707176
486.603318032967
489.81441284435
497.073273768953
501.939336852026
478.162997621955
475.136133834214
484.094728175315
487.750838282811
491.7532702273
479.527263468556
478.917353312743
495.570991991245
494.698957761258
494.954608561988
527.599799634849
499.159807596735
479.720943510153
481.13029403598
512.240575641407
493.015042760713
501.9210539799
514.789545553806
491.831279605229
482.756313619411
510.754365203127
485.92154096465
484.914044238242
482.13001590959
484.069111029464
494.412791777267
500.205563909635
490.890815973145
488.984731477787
490.615671022668
491.659047980148
494.880218278113
486.771316700656
499.306157846125
504.009106661121
497.431669900953
480.713484304569
474.603863760932
488.599326547382
502.472752104927
489.786874029994
479.450233684472
498.165430890304
490.11746420605
503.864732776631
506.336306927531
505.395743294078
484.941226630808
503.296250788824
484.848236546699
487.892410447855
510.439850138617
500.535320062309
504.918142718035
489.144650412382
484.692887905594
497.496103758309
496.22976707515
485.284863575526
477.45068253151
516.844321780454
493.413481309608
488.183027437128
496.011646178395
504.986166916074
516.587273680779
483.77837480154
498.262070000899
502.464674564876
494.904987580916
511.933258175895
487.927981010083
482.594153579672
504.010225624544
494.211845167873
489.911751164666
492.46446175103
499.080345812433
497.719704975266
495.045636320324
477.253865373029
504.104644671539
472.283682388619
498.825921869771
489.655501621288
497.26085739607
484.635748569603
500.762027994461
485.944385233277
488.289535915234
514.356438230234
503.214924333176
489.2573035094
498.173717765759
493.184015104873
475.023710164559
477.417660782863
491.40234955383
500.86706947346
490.668480777495
493.129435278491
477.045623963719
483.124758024139
505.955739055129
502.155631003526
494.004118751957
504.051297261928
511.99388938427
488.222625671462
484.481786695486
480.49289155113
496.979394935835
504.209443157848
500.689929468634
510.280066814055
504.968192303501
511.113529605028
489.472318669737
486.619056807234
490.070809741201
480.972351578398
508.290703254794
497.921600365486
499.12498029196
491.46622442335
490.918596476008
512.5337416742
509.818337725985
472.971370596045
485.665267122277
474.164060711016
484.98930762859
512.403869727029
492.673745143756
521.483667513477
487.369914737893
493.267398756968
488.977963300672
479.385538245309
497.800955655665
492.684460040026
484.540196852019
492.644253500169
487.97162199583
480.616752600056
503.61561233206
503.351076044467
506.193282009294
493.886305047079
475.000503502636
505.774017089969
480.347903883535
523.434899271384
504.919955367452
489.241619385189
484.729392987223
484.377331202872
482.761834254503
502.902724112945
493.765415399111
497.990493895499
480.14876130154
503.343910042225
490.658991065987
485.578802537391
512.15336739352
487.795074983856
483.364668360368
501.364308617165
499.657603422828
504.778655782072
492.398222942755
494.462394383762
490.833176707479
493.328192223545
503.378862051414
512.735321740789
486.506589090343
504.558961732955
500.254577060436
477.496957660956
495.915200112907
469.385246759578
498.731315997203
471.727614328596
506.012712188714
488.604065537484
477.879368839558
495.265830453451
507.685761802875
485.95791966005
475.392330222765
508.016689588737
483.04570807235
496.102890841488
494.456898557908
480.834962712627
489.69324139559
509.496553586162
497.535080965125
485.674818361415
490.48988171551
493.042564228619
483.110081894182
485.707430609326
498.888971764066
482.413838718876
492.96691591235
496.469278678394
484.072601230281
490.41727476978
490.766663992713
493.515875072811
490.690584765816
490.535971247966
492.17704957512
501.318167165561
521.107082755022
515.837415566026
517.018624425223
489.676569476953
488.160542805057
503.572346859831
511.583640075939
500.679215625335
483.650469922849
497.656838327957
481.211365724053
493.350597576334
511.398207722273
512.08689603926
530.223902102988
481.611663427555
479.276455827621
487.333825711021
486.487751749798
509.945770595598
503.761214224428
488.691137001043
496.686193196825
476.676006495127
498.237929758087
531.867440095872
504.550109417184
499.489204307407
485.371728356689
501.73758711271
506.345165237969
487.357376584364
501.089980928299
478.711224805713
489.925036526577
494.694056913897
517.069745987891
489.043812610613
516.912648578683
500.733321426151
503.391248077925
490.837395280682
483.576217181707
477.281701696246
471.295168979621
493.007600495219
487.27981716651
495.039365858346
504.873340267267
500.421164351315
504.087551211202
501.68348366071
511.468453366767
509.033443073976
490.886478542978
488.471314125426
490.292732088349
494.293864288299
482.387804184173
493.59067788265
489.478554495889
500.618449121663
483.833202923844
489.989653500487
486.91173385202
489.180893491518
504.185880588766
489.64985661111
482.511093985503
495.899676000854
503.790154452179
485.365303982139
475.391284094337
496.850432718713
506.37254676015
483.534175545495
487.177459286845
477.407134463449
495.427619721812
510.080300327462
479.930975731433
512.030756515702
511.182865130679
505.969474331908
513.500603536276
489.400175535554
480.614719808187
485.372830903596
497.746681787102
508.300980276193
494.601332029746
490.947478034486
481.366849229153
483.402770845585
510.189080759049
495.323490841806
503.68463416809
483.542548982428
483.828873683402
487.973284587007
482.058824229718
515.517525153751
495.497519503647
509.711393316341
502.559612554562
504.704426935789
500.843322424996
492.170075852684
507.784177914672
503.097123836134
496.068125029474
498.632070809579
490.230292149409
477.33847320996
496.876283567216
491.199873569065
495.740505136595
473.568931598682
497.825775450222
507.591271562857
489.94086348463
509.2172170718
488.94436104019
488.466426474149
477.950256648894
490.978211353404
496.318208494474
481.971743473614
481.840474553378
498.967577642507
526.976010956705
480.325284951753
479.300782071814
484.682948631002
487.179864174889
484.316398143175
493.732598439225
487.101316801045
499.671653412134
489.114867861881
489.469138550496
491.068313830871
513.264017430682
479.781228711015
486.180452782502
494.122269308083
491.054761882577
489.76015926266
503.521796072354
506.175456855092
523.62744035668
510.461923856239
509.234781945837
482.789092448788
489.068761690757
492.991756955039
478.334428383787
484.73957930755
501.546700485221
519.458729125132
511.154278825904
486.85058177647
480.895550162042
489.429720884928
474.095444387703
479.16667215552
501.288593750465
474.804439206763
523.911138506721
496.383361600184
492.006660201093
496.809364312705
502.781229193399
507.391251987179
490.680840880499
503.768221451969
495.008605596279
502.534003449941
474.888757197119
501.407227557176
498.273944679838
504.240081025669
485.028561471875
495.469234263613
492.152617591196
490.016127931804
522.925038830025
480.972923001711
475.707921549177
503.23109617041
488.199755907082
482.888348660492
491.868097345901
486.814852699816
511.325074173676
488.250577447853
474.090445843117
497.061275606482
487.3403463241
492.522529211438
477.923471542788
507.347312743138
500.067355996574
493.860441094817
477.160117484709
497.006201461512
491.289064744611
493.690259395001
480.156472936616
472.351286750086
499.858852941647
488.185133121079
477.12075051538
496.348447664012
487.151511206742
516.383339716651
496.89075682378
500.183228077324
496.675574379532
514.511737617666
501.214608630435
488.018370779496
479.759742455174
493.033377545484
492.511818888248
484.611093274451
494.142937502383
486.943240656032
483.338939835664
484.072465961916
491.827882897017
497.977289954907
490.519183105562
489.875128805559
494.1112445796
497.257548793598
505.313094883544
482.240550234325
488.559300725812
491.221679844023
480.967414165276
491.414877160247
494.407591711393
494.470367190365
504.618578829241
476.293822905046
491.805861681324
498.899520812357
492.368009892353
495.681440646855
495.710257034052
483.722933610202
486.807960249572
467.110296954374
484.581329899003
498.586295834383
481.577108507021
468.921867334966
485.356413911189
496.73704222375
489.12652860459
488.364805861309
489.581313966901
486.804465842961
480.413818822118
504.683568510858
482.274897311548
495.575595905093
489.31584049995
489.960129926052
488.024657647914
490.561887671972
504.806209169554
510.499967492798
485.689404562813
493.48140217741
484.568918380021
496.962301827443
492.710291560737
509.51401328371
500.972869219884
517.179147377527
486.312966795395
494.72741994394
479.600488001575
514.914149860865
504.001048136442
498.198845070264
481.135018284755
491.02897930134
486.642653019045
494.525667183485
505.589830420479
478.001164089405
511.633054956324
488.900147861258
508.482789356111
474.656193330087
519.330378944434
499.460082917704
491.275723496345
493.427542757823
479.400593250865
472.359466506047
485.043647050375
509.793914975292
475.08644466258
509.777416854226
490.30232068764
504.386515299978
509.514620147082
481.04310689216
498.947947928791
491.552566998504
517.590533899174
474.283319766982
496.608689484107
501.117028470713
494.08738444176
487.562910181495
492.229437187958
486.512974683441
506.838851189574
498.710440729608
479.929359166745
491.167081088572
485.685804495913
480.180000949887
521.832341057554
487.624674167013
495.284171951971
499.641973407687
504.463720726404
486.717900719445
483.686372964183
475.176306381869
474.40657577445
501.592640900621
502.296927077601
494.322625006145
503.599458785576
498.359098950225
501.055351183764
501.312080594744
495.494973190841
476.199318748776
488.003132997944
500.784188915035
508.477743681029
498.272558464698
503.18000130621
488.307503204443
492.303732745902
490.852409131764
471.238200726727
491.68110596086
493.526288690625
487.610870791606
472.764977953412
488.403107194755
476.37410120331
488.914094342308
484.070016378467
487.298099993005
516.429099629726
484.851844914805
497.009395970141
474.750354103409
510.610822199361
494.928595949642
477.182752884916
490.938512427711
503.265636865543
504.62532021985
483.882363398066
489.725084093716
490.198619370428
485.586808605005
470.188046476414
518.517979492398
501.394668485002
496.609985272752
497.591353834972
517.413915925115
477.502858587559
490.25135300709
478.676399943926
475.85161485741
500.977494451973
497.337012421588
517.50652749617
480.594031481547
497.118475090462
508.576520427191
495.787852144852
501.57407854188
491.160892417403
492.369665053783
508.599507592242
514.176866988389
482.808628383762
490.912525647396
489.786246836979
484.859013334474
478.280441087699
490.535598231016
512.472801204131
478.309475075485
477.092333256097
505.91225547816
477.47015975325
477.96904973687
467.515817304775
493.052004180922
490.760675424514
530.678097620999
489.27825388296
494.617466101487
486.544795492727
492.771491053834
495.50876422934
499.606529778383
481.719186931098
482.894274555785
514.421929159971
488.131021423349
498.258064845142
497.469221816713
496.494221223676
510.375308136844
475.537885802718
492.106374804774
495.794328717375
497.127259088011
502.561737545071
511.685459321318
473.430742128334
484.122291135415
500.864804163225
494.708443980823
518.25300259666
508.010091855864
486.464907562787
498.010900943304
490.38250529237
475.205603022529
499.432175913344
507.848027247748
490.241208494807
502.528787240796
479.655752468087
494.130189793494
489.114328957745
498.620162073508
475.509517985042
485.8337941562
500.337869453522
498.443282776779
489.363172873371
504.297134864098
497.201727929862
472.031541180945
490.321926516663
482.404560490813
480.731272791421
501.701729570322
473.123004185009
478.132419756529
497.815238430687
486.476429008479
505.650591300465
473.173555613884
471.854518477146
520.668410166914
489.436561784891
487.620534485146
499.652430746121
479.085260882134
482.283056536953
513.448441321023
473.239396027542
507.205260727577
511.785535545767
502.720452230823
499.082119013322
503.359794317856
520.47045291404
474.691017481153
488.62201392928
499.779146347996
495.51026032458
489.812294177764
490.140928825105
491.120408515062
476.68093576847
497.31752926587
492.645029721314
480.557663923353
507.28243262911
492.475243628561
491.79445716437
509.249802831457
486.688352620495
525.548626471059
478.663035890315
489.173845015393
492.732020539627
488.462704665203
491.441260394192
491.341296953096
490.564039844057
504.952380466267
477.879576222911
482.809588883229
503.25100314466
520.999937395532
499.728598281243
476.763080081261
488.496707128621
505.519439043994
480.828704799658
500.559787705631
499.814811063423
488.132097512885
487.426099224885
492.126407266074
525.754858125395
499.26936306483
484.576081028673
487.403369467347
493.452659105045
492.485716900211
494.870402317727
512.54765115911
473.822742976972
481.48649590399
505.751972869515
493.242843873492
499.094270457383
480.729329358896
482.071106633437
484.881492903327
481.423176221257
491.363715249904
493.181461084816
489.12921403591
477.351947926329
510.890916405272
488.163317870851
533.020042765586
495.789637068262
489.356667190366
497.034273606132
496.218125767404
506.407244028169
471.998948912861
489.063577543961
505.270695298118
491.506583906855
471.741491575956
484.687863484483
485.675185336021
497.463963165611
486.431625648608
475.918209103136
506.284104292687
489.633537524542
478.798600953741
486.895367012212
487.862443035485
490.6184281563
502.801335595723
504.704601551504
502.346461083677
485.025160809826
490.856360515634
526.780978249569
491.188872692523
499.843968803822
488.184246358704
499.069231578579
497.51031841701
506.488729666872
501.127146698691
468.648449443443
482.038743669574
485.968880661158
493.707467812757
493.934546573228
505.758370888396
494.48688021546
504.717401119391
489.555825672034
513.204134257773
484.050829707637
489.670289652575
495.234246217399
496.609951499243
492.491319172499
517.415691587075
492.577364788257
492.062286010948
505.92736673039
486.320710024385
475.202843802358
500.799720800681
480.553302294196
486.909759163447
482.120901116517
493.485973405474
498.939170735954
476.178633573665
492.660186514699
478.361235754775
503.177434775427
509.817655023428
494.423435405478
495.233237291012
491.638765274895
502.562879633322
491.482611769413
471.106828158833
502.516607136759
488.393681962328
484.861983325988
509.367890308043
487.605261947761
487.262428709446
503.853882303959
486.150042715895
499.774258381772
507.839333338492
512.939207622116
516.843971057666
503.714220152356
499.47528963748
495.042968649025
473.07434787169
491.826688697562
472.379657596751
488.592180481739
494.359011296266
499.290174943856
484.44413236076
517.558492160016
488.286559730976
493.700907234437
494.439406946769
481.04518301528
485.408325830912
513.782476093308
492.661229691169
502.885827048029
523.906427036309
504.344596263285
498.514141824427
495.987747718509
516.924161161273
498.029071347216
495.176844531864
501.204405345857
497.267323211027
484.980699645557
504.537244360907
487.568782942224
502.279948589095
492.366022611814
494.952265838234
509.434735902855
484.710537160296
498.865552902266
508.659801228232
481.482274036251
501.443228987199
549.705975454225
486.857404292889
509.856680282319
494.279591822587
494.359328918515
498.877977350954
501.723830245912
497.025228627159
503.272884196347
497.689967659041
476.981364935821
496.556729850225
496.574467908243
486.656496463889
499.530625360477
505.022500362004
498.245788220454
470.154556715713
489.910399849492
487.041223711518
500.115376381098
483.219018663703
499.824557703254
508.640928030428
484.925476037717
480.104631241153
497.494517820899
480.800038824518
479.961301240055
498.396490525061
488.441959297503
492.538053981348
500.649706535879
489.212486995029
518.67432594232
481.882239825721
489.64804212125
505.177308475098
485.887295876276
490.830983883192
485.144816285134
492.793870146584
481.702765356482
495.877077700691
493.831918090181
491.663868021835
502.783626349123
497.546035892253
499.532640019268
488.570992240546
513.37129864409
499.365468904977
480.423557236908
494.311063080781
489.417484324514
493.240164969019
490.872684110875
486.554505760121
482.494225810877
484.094753304042
479.095959320855
484.568444602281
474.017973451466
499.213843338287
504.808176786589
508.561703557204
508.857414230965
522.33128471033
510.509203355488
497.816371062643
493.700867704805
521.216347293718
495.37412823991
508.16245606541
484.820951257648
481.337044767954
493.43977206794
499.708192016464
489.969261789441
504.471122159605
536.191474250709
498.948191524948
495.732801703261
483.556798814414
487.262113461693
509.212463830733
472.95265142377
505.759054315304
487.742746534403
512.920515099896
501.046534341577
507.096289412778
523.222797305302
491.592696698798
503.455867127882
507.819515878408
500.785990195033
491.996739126854
494.98123546074
495.271870387203
492.860008033144
505.005443147942
508.184368521229
507.353124108431
490.374385569133
489.519016633249
473.830751467793
495.21723526146
484.180967288318
510.025269283119
486.413413057219
489.624960448008
507.737056658046
491.772207551862
486.531426099253
508.428831431206
479.631479120822
476.754658693406
494.980627029392
497.969493157011
484.750556067091
476.725260304093
490.558037609567
485.699725276219
492.877362462114
485.385856247239
493.368711141052
502.753652513606
505.165491592985
520.37367947339
501.977622215924
478.053805853419
501.058929452199
502.397420477467
498.201672016751
480.290589333896
504.112881721955
490.576905383191
497.993031742761
482.80971009647
490.651285513775
493.099767960456
512.300541829825
510.520652267642
490.856648555594
499.487024101993
492.373652790978
505.223018513946
487.414390302393
507.137970325392
495.179028359108
503.12595219633
494.485335149174
488.860600397904
479.920679115945
495.507808301669
477.098318754731
512.548614614574
482.380847376466
490.574769009193
491.615257505706
493.949965939726
482.439431136801
488.385382688091
494.529593378725
484.038134817632
496.139998781124
483.478761439051
478.667222597777
478.346846492806
509.007950615296
504.181112203387
502.988196492324
514.095442193073
484.37469035414
498.680641883022
493.70825896486
498.235365322657
500.149759867351
464.030596040577
495.799285470867
484.250944531715
506.819248431502
487.771229212607
485.091424798185
500.346103903174
479.734698506025
482.721091783468
501.545251413899
498.970719079951
483.666061429359
471.043756983685
474.37592243141
485.654426524294
491.368158706031
500.452243257671
499.31595582429
492.271950083217
498.600292134369
494.645482177703
478.938172072764
485.91461264029
506.437873388713
486.826334319933
485.51220783593
501.132126722409
492.337553233976
484.222086592659
480.783168850449
484.926386774681
485.000622905862
489.596069434211
488.938998001752
508.420143017428
484.983469147272
483.228787695244
476.458273449863
511.518942590718
502.569041092879
482.639692970964
486.404875795623
488.518695539101
491.08821540608
489.005064293961
513.340301251253
490.033381254175
491.875483470728
472.943626124
472.995047498762
479.247987637517
476.777331938485
507.88531412784
502.034964149253
507.198650750667
481.956536224843
507.691737559505
487.897543306206
489.891821473265
512.937182583133
486.713958325728
482.03737063481
477.908051594801
494.314127122226
512.255798556526
506.420250934946
490.258217065023
496.621312275457
508.95829270644
506.46385922879
487.338215877754
487.699461932687
481.081931501162
498.414641288234
496.844685230325
493.551910393508
482.84868818579
503.100793050371
485.750652359322
495.806150002716
484.994695794161
512.48236364294
511.77914286471
518.054702272692
486.185703356669
480.319686283787
483.73274025186
489.531572819293
504.618697854546
492.671583495946
500.994533076874
489.157714411684
498.089972193329
483.025037982093
479.232257641543
496.834047696956
490.806646613908
499.840847790319
515.857488400306
483.124005394013
481.986882166714
490.793694640661
492.616699237243
491.605277081681
489.552063831601
486.651450632019
499.243394266089
493.977502002032
506.014879532926
480.494645502018
488.082217086645
495.647564602177
492.316500815063
496.984017084499
496.938877272675
506.75291512974
495.279780483811
484.944895709601
481.225698162566
494.955476593315
492.107116093556
500.9475072172
523.570812546489
496.531528784109
491.524402974366
482.863405122633
475.923500647543
471.242936470206
522.339655830365
495.10003093553
516.095403685261
509.358079890179
507.89739405121
493.716392601942
507.144346250844
506.433870051557
513.119982361357
492.336569769315
499.494829283085
491.696950646582
482.3390978722
493.71592480868
498.313415976858
484.165477991617
488.709249420058
494.27006507907
488.728870924732
487.692279657305
475.401769580173
513.395528925325
490.13474659122
508.68335098162
487.725668116803
498.120699502485
517.580420548249
498.192038710127
479.875715640461
501.833086694043
484.199683995027
479.484200109701
483.651063899155
513.527092360866
503.321933372373
504.929914347375
480.486421640589
503.246999690104
485.662120460425
482.585817912524
510.923407920386
503.881403686964
527.728640396693
484.402955700385
471.441973382035
490.465708303884
484.269422523559
507.988085923752
497.199323005316
485.470906393675
490.807983407742
504.405207519651
479.259930224143
496.90074897141
485.896078103585
498.05538036182
479.406793694876
477.261139381324
495.114330098547
486.428653610888
495.0795875966
496.397432113004
505.962802027641
511.047449593234
488.538658064808
504.297520706145
489.677815370625
496.985985679555
486.605574972919
472.754782061391
491.299799795895
493.715981047599
508.755317019368
506.253770269816
494.964560001887
513.898198286359
497.182848434528
512.483043200811
514.545024296447
478.70158723716
504.155108412653
468.165212307114
504.297785524568
499.146462628396
493.117184862364
507.199764606323
492.888548630644
478.401305247597
509.984174241226
485.452477233733
501.100112717093
480.361632397323
495.563817777511
501.695339625775
479.310247000505
473.116528585669
509.177743924047
487.517564277172
494.866113690717
493.086788405628
480.357422319273
477.142217695568
481.759947947239
491.523850081571
478.015386839145
496.376180626458
487.782799511872
481.914315319873
502.071961738294
478.718082590007
478.031514789237
481.515841531529
505.533526642229
488.467469506328
491.231399408014
497.638635706347
495.059173867592
472.612090549605
491.707524383676
499.973066611496
495.619052475196
493.605542444508
488.974160610084
489.774852080881
516.320610250739
467.739754270881
483.160062375093
501.503711219546
479.668620821063
483.750096003312
484.059551671221
493.429108177597
486.306639651105
482.621474069456
488.249413631092
501.640460767026
492.579060036197
505.359074319066
502.184008277577
505.497865362195
476.575334922935
476.413039331822
481.331955799243
494.5956476062
499.836356971653
500.98748385558
468.412370942526
477.663591977305
494.821782676138
497.149736056477
500.792796833132
506.515096236542
495.36283926454
492.574555462616
478.208612721225
498.297280418291
506.798603147913
491.030858639438
515.130009409059
490.280067189742
491.558832693989
488.731988547116
495.443628338637
495.214206357156
501.138034062715
503.012520969088
512.954740578886
492.89023181633
491.683790083797
478.438319396841
484.353089323112
498.927020391374
509.619777094832
509.372398265928
519.593823536432
499.446584161306
492.77682730052
523.672378518914
500.458685864822
497.027420611312
488.224563025615
486.898920329621
477.916656591625
504.661315380597
497.807232885279
509.511640152492
486.61117868556
475.891183040737
503.02542528373
487.331034523873
487.073429183162
481.219704286699
503.865607266625
483.361945059305
488.6071757358
511.748961758381
499.202275434592
485.76490314915
487.652471253036
483.685599071456
500.619218893408
515.758346308361
500.245863003472
488.166308663033
509.155215554424
486.84675700227
497.402453538452
512.798282354639
490.024346104906
506.571819768777
494.199770363906
496.396829629742
512.674679712906
486.015541345343
480.422339286325
482.643404383095
530.843327232574
482.047785936203
479.058112379626
492.241330863064
484.07854282338
506.729583065484
492.672028722535
493.357686155756
471.092144590689
487.297981901504
501.793906798244
506.150426618783
499.373818839546
481.326999714025
498.143096166668
495.73101628073
495.353825189003
497.299342110715
494.003906623333
500.920630036332
462.338633734551
502.642817906596
485.129307035174
509.781261023525
516.655683115361
493.497202750793
486.992782578733
488.847809814236
489.115512140906
487.831529130122
500.353573601284
489.241307845258
496.459755679112
479.994451071424
482.255183786958
490.425097647353
478.741192059245
488.755858117192
505.718703147799
511.638894788591
477.272843566269
494.0183518864
485.07718273606
497.851267767922
493.416324952488
494.235432418176
503.569514220617
480.003765592861
488.780345501568
499.60646478646
502.734526455179
487.439152118936
491.732586913757
486.447903028825
490.478349976457
489.935505978211
497.447526721759
493.170059901536
479.405222562329
512.708802990024
503.06110303574
509.952280453373
487.940887730254
495.284089083504
492.858868320744
492.070747401533
478.029176860638
510.329711348171
496.423868369281
495.813514856127
484.543416989434
497.444203593576
505.671778121452
482.806818277232
491.420290278496
478.487790672588
487.404105763825
495.697871748021
507.757665220212
481.239900699208
497.426062288198
493.193044588158
496.886769616874
509.950049022347
478.974549330316
488.515358445261
508.289818990557
470.325948066456
487.7839380184
507.439832236592
482.760767385918
510.77743735265
496.926980540581
489.956123355415
507.287359016228
493.51528206925
485.690406425308
479.219062608139
503.033455237521
501.336667489867
503.548879345168
486.906303093525
487.544852320542
473.667019234101
491.743578840184
499.391297976675
480.632563572399
519.416804158349
529.472203215352
483.43958243157
511.129800499736
495.205459847259
481.565585418304
512.089552153691
505.525451441575
493.266619935119
496.89328269443
479.978315515221
475.588410104883
477.372844268294
496.64487443981
501.354299243424
490.460294705874
499.815662227786
526.02847118665
502.68008184501
492.004515187354
473.270628152002
500.52188094329
486.727075718813
501.95959311174
481.03724717225
489.090599848233
497.745467709809
482.998221038785
500.991050456464
505.591641592733
483.112985826835
499.397257354063
493.262128844286
495.77315459186
516.932720670345
490.802238287892
484.074431632219
487.330743543198
507.337813014643
478.084011326471
492.853261982869
480.399829782646
509.263995075952
498.273500504189
490.308772446731
481.513759151842
465.851846177481
497.277327979247
489.114088140404
498.923461843124
500.343131124566
505.07921725067
511.142508565308
493.660212568137
499.788129521392
482.285417118146
514.272644184431
495.499766006126
493.244753718023
495.341411300132
512.368812423621
478.056290936681
496.521995872399
477.623241956841
517.425333062738
500.3496995887
499.266646945751
505.763500808363
493.724660788963
472.823300550231
479.164063681471
482.010277151478
489.515762473878
498.827935850664
470.929411927
480.979270715085
532.361487044338
479.315121685642
487.072759719626
474.844505248519
495.914942210536
500.332271525372
476.973294408962
508.387284305315
479.198004003831
483.202896910628
496.607590218405
490.655691859846
503.264661650805
484.564034731789
507.042932586034
481.705222922515
487.27095527202
488.866745639666
511.775924351183
505.615557776012
496.959214853601
503.215014678979
499.559062382062
495.089493044044
488.734828150111
496.234681040465
494.869803358834
507.785354677294
484.994628761333
498.519343733155
516.570713320802
503.957111008353
508.172706501531
500.736507995709
502.635052196331
496.814849715546
496.933410492032
491.834674763833
479.715827568285
498.546504017103
479.320094788459
527.116361627737
489.325960353488
479.364810575064
508.708387874534
489.35309254023
492.747747212935
491.636410623485
481.229580886543
493.286500912563
492.04814995749
501.150488416453
489.208433773227
496.3953688877
491.787798329655
486.011959821953
499.848729827282
483.753556505911
508.301243064416
503.233515738696
489.120154410253
486.836380741984
492.560062593523
484.834113019965
489.812285795196
480.107242324763
493.737911151905
486.492363520583
486.294988161574
494.252485881516
512.926348346559
490.422505024946
490.292362930905
515.019764903438
477.87556291486
494.723787597993
491.809377465428
499.132424286428
522.190038725884
495.998849692403
521.445468768845
484.586936737352
496.92515530543
514.091783493927
493.014779240766
478.459147640142
493.715305969612
509.37196878479
474.429232578471
487.187011315244
496.684166127861
509.902811308845
488.994382720021
500.143153877425
478.97382711114
477.461828558084
493.010175018456
498.767119740428
498.648040640006
475.522297350655
477.628965647895
491.839676253588
473.006285455374
497.845146931541
499.030757121185
483.008710257498
494.457813566738
479.72100034607
505.909986226617
515.61618767242
480.081879151344
510.552372502678
500.898816147186
486.847191610458
514.662304680176
485.216846407717
482.766849332711
505.370100412609
474.192971634787
490.125792175482
473.704252203161
502.909080340241
503.507723500469
517.61679444096
487.495579718217
489.584858670635
517.31636522366
494.509024047172
488.813965434041
492.095245333881
490.982946389634
508.898615589984
501.967836125038
506.919527298983
482.186896987883
504.88193373358
495.717126602697
524.675176547707
513.06147987105
483.334048591957
479.031212391367
474.42497446276
491.261327280837
492.351662237266
504.592458498249
493.49118380692
490.3524939386
490.73928849729
486.599436975808
523.821922591965
483.830723170899
493.70811679244
489.254710221024
487.191950620988
480.482147262459
487.372413362235
490.099504946452
492.093475159258
483.49315784137
500.645770560078
480.056785119476
500.781254903454
507.18901244232
505.153650832299
489.145910759912
499.467442079124
484.521319276526
481.177872003398
506.061414985902
495.250403918639
512.126340197059
488.90789111246
475.68180668534
486.052502713702
492.944839935235
493.518038586701
501.865743416427
479.793493074121
499.575908615853
486.046364269271
518.727861234319
476.797577274909
494.017642406669
498.488715515108
508.536183845184
476.588694161165
484.611589703186
504.682963150036
500.227576314702
507.910986798915
502.638264419066
498.588710669039
485.370626433755
504.609552549942
491.122244404271
473.755463504667
494.608946556782
494.546111019461
501.546772613498
486.322498256554
511.61200987732
497.048057252571
478.716918847272
485.383270827911
508.908247761559
494.528512319818
504.021873089719
488.447298239057
494.619056246967
483.477762844265
482.861463932111
506.401936148004
496.26513252751
517.126023431177
501.92574091322
484.814783185853
484.023929378488
487.747574055187
504.400158207296
497.46729819719
481.82646658694
486.955601977178
487.062549307667
507.414731646421
488.906378371575
502.163205977077
487.212256970593
478.862552341034
490.220663266539
510.86502708874
499.68950970363
493.536651184299
493.128494624474
499.816232078162
518.631654259563
483.201428624855
503.398447000062
482.741244494978
506.853781436125
493.573947620502
482.153820678127
479.375876608169
501.488179438464
487.51863832258
470.367003665977
492.294642013556
500.597667158499
501.54301696523
475.686105436191
490.284151436826
492.48409819354
473.501315308529
515.399545819983
489.102411562423
506.468912588462
484.891687305776
499.177572988395
496.26857494513
502.985091192552
489.124817237503
510.736229091357
506.098485418073
503.47059715438
501.282987792036
484.701948069973
503.502007823558
492.68663929052
499.749454222125
482.00078655259
485.368173828821
493.208764362716
519.301773792745
485.160627017328
506.48961341024
504.694476933098
485.941915097476
499.74500096511
491.746568754981
506.697168887754
501.499607457577
497.495716672229
484.360654361681
477.149677825849
498.032731304909
501.148575095298
490.940446639172
498.919982352849
492.57603361041
479.948071256888
504.445496155586
490.906530393732
473.062624943763
507.787023421777
494.330376459866
497.181784967744
504.770314756872
520.911717824113
499.113471087469
497.600551521216
503.943464040412
483.685357741525
485.865662392991
479.944275863543
507.863470227566
470.896702190015
489.310867194703
501.149545081588
508.952180874808
497.070957084367
489.018792426976
493.929442630441
494.957595667061
514.02005953571
499.995467061552
473.573631640589
487.064543443954
470.873825330723
503.365439621682
492.120004148831
506.581167111891
482.43525938392
512.665353601897
496.488294262776
498.509629857646
498.095400085574
473.810354095243
502.3435163135
501.661157103966
470.644465957843
494.533319959903
480.651607027113
491.829591918751
484.072977922444
479.967271985604
490.148042681336
486.484472163412
503.752006511915
484.706219517836
498.883761365389
478.590604531858
483.340808136873
484.0833654276
502.859851888523
501.217081994133
500.000415171251
501.74755918696
499.735201918712
488.44811151698
521.851273052178
492.452742830768
484.579810202018
507.611430900939
481.00029801765
480.580309299556
519.579040011197
488.184496509032
490.55949231968
493.195158758999
487.527450628932
511.34641903299
503.872066869796
494.726052377548
483.527913522518
500.843504907739
482.526090161682
480.488545873369
493.115545604698
483.069548373227
482.372214713221
492.631134769834
481.847821544634
516.349283773232
484.409675403085
479.236572288372
501.001754852036
486.941309414933
502.019913400997
494.916873084599
507.129452277095
497.072165240986
498.96255180704
489.015589035164
484.077043199742
487.680309659095
499.838370014451
515.259886583255
