"V1"
187.659404306742
188.98750469073
173.752005562102
189.84383331886
178.707896844689
186.574464849944
184.470869734923
185.256583373495
179.335729994502
192.702547452975
175.82008414126
198.692043516109
181.035374186281
190.200212909037
185.220135964459
182.005591718849
188.512153085601
179.105309104629
176.502816173222
183.97246095582
180.115194490083
181.805066069658
181.018271223592
177.817697655208
191.875258640889
173.550301237341
185.481272669463
185.912545265709
191.942450894193
179.338629748154
175.186182619124
196.582534724206
181.606785092077
179.47975413907
187.068631015101
189.378590928032
179.806157591759
190.061866162333
179.643236391923
179.470285773336
173.544333447781
181.110570942633
189.031605526389
182.035404895516
190.50646070581
171.792882533671
179.303312156071
177.702886892301
191.659430468744
188.262852493726
189.122237130972
185.168964524614
178.957653739036
180.047152349183
182.246116177431
182.425030336313
187.406514457574
195.933527289463
183.437061291288
188.837931385122
183.695030227419
182.051693244998
181.185620055689
187.162853841369
181.136014814526
190.927503859436
183.730889604712
178.288912093819
193.229631097515
188.570728311901
186.481530266608
183.635649089247
180.444580135675
179.499433224239
184.431655471485
185.054437044233
179.638756243712
191.261878691809
185.461497729358
185.09325785876
174.57244266873
186.497409103092
194.570069816654
180.082704755279
180.375384483985
182.976475870531
182.944780770317
191.350049173259
180.357299065945
174.609180407255
187.970762412216
186.795969968572
180.038986796496
199.223791614325
186.080017313182
183.166004085046
177.925749203118
177.185668688578
181.873947247294
174.519510324031
183.71706675231
182.787167120148
191.067141616926
186.27297536133
180.40982667056
180.382932504383
192.820452410246
195.577451218147
178.554373077589
176.779711752772
184.720723684646
187.752885445025
173.415222224633
174.20987959089
176.623170108907
185.035349783062
194.038358895099
190.493024248867
178.843839646515
180.377915674699
182.714579605589
183.177131461972
184.728014638517
186.375702870859
196.1036056248
180.513566568978
173.114918377411
183.337461175796
194.329926164239
191.332508202126
185.928214988764
181.57367334082
186.243162596786
180.855334664003
183.225217103945
181.312297446989
187.734529741911
183.277787867356
182.851941803483
193.793656970929
184.250397876233
186.67679166999
181.936756240298
192.836484769321
178.953004537991
181.32888058849
194.370351289949
186.090489197698
182.377990833778
190.454443462012
184.132423896781
184.488215134841
180.475844434448
175.851556516393
192.399721662419
175.918285797745
180.737632032159
183.666590870282
182.006630963728
183.126563006146
176.108621323951
173.498467656472
184.357278749792
193.959748102273
185.884251728285
185.882735939483
175.984108943789
185.340491677857
176.172139871538
207.025744867074
180.74877825413
179.324970705052
172.807699774919
177.681528447089
170.906371595328
191.197478138102
179.413483954465
182.198603327035
179.445648437377
182.194191748583
187.381332344586
177.898587237329
198.470633992121
174.465898819199
186.061472391762
187.069928432685
182.51487296767
201.842065552514
181.342764027512
178.531802179028
182.538215260575
188.38170548306
185.803730976705
207.611234739768
176.86597863465
177.51459715646
176.783655511156
177.857620950177
189.674393690576
182.648463879227
193.38118714003
176.316559843944
199.389507034854
189.132052317186
180.148552504537
184.856591713506
173.562191671012
174.348348782894
175.301955257522
177.475346539698
178.617535338191
176.963714795201
189.73595488618
186.515323020372
185.081082712528
192.090050294702
184.971151620275
182.684048169111
184.148969617333
173.661417840602
181.819593524471
178.156395383648
182.180427502344
172.856033941711
181.657883559777
178.918602159796
180.811576487308
185.387700909389
176.599850334776
185.87053193097
182.800756145143
189.896769257596
186.906968484846
174.186534197027
194.412256117259
185.880127293998
201.525020407608
188.364477315487
184.745011038616
191.016503234213
186.894822881604
194.069695179952
178.886633732985
196.934256682011
187.244672242327
186.988961918844
188.418908675117
192.535772192523
208.167278551618
188.539319647588
175.121628376535
179.764486598358
197.060742259521
189.655993211595
176.892183532966
189.890786968023
178.314871408977
174.936323638839
183.776260465386
210.307382354075
194.381929073411
183.692675121174
193.118210128111
181.095810552463
179.182826676659
178.216443725187
189.242165562665
174.752627890214
181.46798782217
187.332658967964
190.55485140653
173.937476373252
190.157179597125
184.618204587204
183.283467337089
194.583877139741
178.108807253547
180.652084782084
178.965978726074
185.139838161363
180.578000702219
186.675695914345
206.902639593918
182.543053279043
186.084768916855
183.294880752437
190.680006101109
183.379136764602
184.660042567901
184.851264628715
180.745478119682
184.070723021461
179.939986891194
187.684717928952
176.272247486426
189.46832056381
173.476636205252
181.472943819557
186.052551480822
178.207939385131
195.227377975234
179.139296955534
180.913915910356
179.341248792648
175.108911097404
177.814217194121
180.715857982746
185.087310786462
193.829906784695
187.975543066338
189.552600716441
191.05128811078
194.192836629386
186.422040680874
175.879884488961
187.109608804841
189.168549327115
178.238239646677
195.584539964507
181.102795426983
173.610888937818
181.945732216673
184.261749162255
176.041289997414
183.001027179756
186.46860778984
174.213277128878
181.13556230524
189.939424735188
180.587311857627
178.719671555065
180.869686264462
180.257255476669
180.805683636526
181.809954730042
184.645845346125
182.997457624677
184.507588028809
188.488432820127
183.866821950816
186.781562984659
181.622347427404
186.011483665006
181.339137161186
177.408353512866
185.081354140253
185.909945973923
178.911868825038
183.445490421375
186.883583413713
180.415555105511
174.960267556964
176.968776317122
180.801344956307
184.025612285361
200.927902582854
178.039681212989
181.651959343906
172.753008316678
180.770317953636
180.232298762751
186.559025395334
175.888399613806
180.773822156706
186.946671181039
179.253677408123
189.748879871364
181.874109739476
182.819905692107
173.413145871741
185.382408745851
186.632582473986
194.518633582543
184.397799542098
174.347032809153
194.40585714657
194.55301637179
178.036935679049
180.074445197453
183.269675188366
179.954041851273
182.967991356783
200.652126585479
196.151965713487
187.981002444277
186.19947633463
193.102642935852
181.908526208483
176.538989601023
196.974682734237
175.535448999903
188.478699284937
179.06246563512
190.542868791477
187.58223749982
180.276343984468
178.941709226191
177.369847842266
174.950384865966
180.122794488281
180.711715250947
182.537170256435
185.546009584054
183.671116891278
182.056711729685
189.927371321191
183.883376990472
194.003008225849
184.396204298175
188.171178811269
182.190803821312
189.108695473605
170.231880609108
188.832614121585
183.39517322201
188.695918125055
180.659382240061
177.930937106973
178.266347669687
174.482586277433
188.394334243124
183.029210868366
187.382973580479
191.909440320001
193.749136861249
173.993275248397
180.808119906965
181.916953514305
186.493493735967
183.507971022737
178.189518069211
194.586678500676
183.243294780445
187.935215171976
171.171245125239
200.555470216366
191.646601424582
185.392320427915
178.876410710102
199.027640801647
178.926839903878
183.835053086146
178.533742151691
176.225131730658
199.85082346296
186.347233433299
176.041461197809
189.143610965276
181.470378141092
208.526297828369
174.731124720554
182.427050215047
188.271998769687
176.504127418038
186.452216587542
179.618798058004
177.835903427573
178.086502516864
181.936771023871
175.867234095522
177.853093806353
168.289509358244
183.361537515189
185.376848049112
192.373778638992
180.390704047912
184.41782346623
193.033138853214
189.937075090436
182.502722700711
182.550854803009
188.025989602364
181.0984623414
197.800787368094
182.754864015355
181.300050070691
176.792106142653
178.55350586008
183.818067213232
175.648180025871
177.942150178667
189.46954867505
185.287142531022
177.485736616104
184.324048192471
186.136115494215
186.13685749262
178.614752961184
178.884100143137
176.352338917306
174.633091998571
177.440524421383
189.447963012578
182.227278181685
204.439156953823
188.580753459451
186.461429893412
183.966994969399
173.465827261752
192.300488020245
170.761750596311
183.345446201597
191.940150498465
181.373373528547
184.538494725498
183.853785680172
174.800903792759
188.024968097899
186.611077397482
172.704328253422
181.463230926332
191.357747556678
183.107412477401
196.74730486444
183.137686186984
182.671958663973
178.256283548187
184.819211770248
174.53746161991
181.545722849458
185.64064214304
185.934001156898
183.628977771246
192.862316914864
181.579294047416
189.226479015977
178.478455567643
176.274587727695
185.393073819829
186.961798253247
181.809006154617
180.243415926734
191.421380237875
177.318847606056
180.293738169188
184.119640462561
179.811742973997
175.834308105493
184.762974111356
194.680346099366
178.762189760717
193.792713909487
175.058269325605
182.515575089902
182.836960681458
177.294764347035
186.014019275325
186.325826950756
190.511765929349
174.339619534711
182.396246546805
182.975195539118
182.807861788506
178.549252042441
185.490507782499
176.385726743775
186.034884349551
180.183357908291
182.416448816121
181.516822032365
185.26205823991
178.951487597017
186.292820432644
182.28724731454
184.101353127113
180.764067578142
179.467230775025
182.414257724316
183.073556777356
172.741982726467
175.532296869272
182.588566395386
183.693236077623
182.129800171215
184.971089292776
178.486598886876
187.670963823502
179.9226660117
187.070758838939
176.019542160778
176.270240209374
182.376773193176
184.040695586289
177.171122969703
192.458840719763
180.261374717468
182.119224144068
182.427573320346
178.47803118405
178.340027689233
190.779705276188
184.525077631942
171.674446706208
182.184691060247
173.903272269092
183.218161159071
177.527657260053
179.191169221464
186.45822833435
171.082889865469
194.603888414392
173.023123764946
190.214339582306
183.694695008484
178.291978198977
183.676823298694
176.629805684725
189.155766610679
178.613251068033
186.71202860861
182.675234314276
177.871200875618
170.835735548579
206.703398983208
191.062292730638
186.452863273787
185.176235276821
183.341888068146
178.021657069814
183.097209313416
181.751174775871
181.861418296881
186.129066309635
189.3447638536
195.806741454414
183.89223920145
193.291883436061
198.022015016429
182.750310549
190.180212924745
178.571314199001
180.37429566828
191.414177916879
189.730911629204
178.411690123083
176.852434264339
181.83390928279
184.012494225878
184.165481226044
183.651766439859
191.331719029078
177.05367745778
184.910849436535
181.969988833705
183.567302187005
181.001382641331
178.191407805037
179.346060382016
182.976667760408
192.36822108983
184.656731692242
187.138567002616
179.372994353341
177.913960339411
190.406563703191
188.228635651366
190.419917460232
182.503408522811
188.12150761024
189.292004029786
195.330773505239
176.836158389276
187.01234554987
192.338514430052
178.506008243068
178.122989300103
185.92048182949
181.270316063149
182.479254771528
185.492139152894
174.857368788198
175.86292369084
187.457582919909
185.828133130622
194.541689488969
183.638066631036
191.886317621863
181.515313123978
187.321938979791
181.957792301422
194.558992537741
180.974095115042
171.138546050074
183.901397111298
174.789530628586
181.482998024271
187.663547355476
191.666285666439
180.610178372307
182.898026220425
184.742532168627
175.031009512712
180.574600319613
186.105919577454
180.065939702401
175.846759816073
186.176599661625
178.990963571469
181.785715201268
190.605332998447
177.9957487715
181.803984928658
189.405554958285
175.653390557564
183.764905641206
177.222179531416
176.582458935537
194.521773862913
183.875351348702
182.791260632656
191.916760863393
181.826716921125
187.731354845899
207.392141859837
175.503518471011
196.678848806628
186.183954764743
187.055684042862
188.611582644903
189.122018155323
192.133256314666
180.172314264429
180.275719407481
182.192907931201
183.26848166425
191.891112473243
174.448932256203
176.692278751646
187.752117364665
182.41592232042
181.021395122157
180.455200894656
190.900805026538
193.185500648692
173.042889367511
177.973899469585
184.142200719774
192.700227915751
182.545192152941
183.643700224099
183.208036769233
182.858111368213
192.839939188893
181.097682915835
178.930754417827
185.635453145778
174.458616284633
179.822546296007
195.891804749917
190.356694225294
183.27956471152
176.565759286245
181.545551595706
192.177229642725
178.988318211681
183.559087340724
194.392092625975
178.488529669133
176.077554525416
184.922948605078
195.841973042706
187.201721983975
177.713746663594
180.359792119113
190.381948633898
194.531415285298
190.71575959217
194.731706428247
170.53587969194
177.809249779318
183.23030295711
193.384160425597
191.891913793048
172.781920366185
175.621105084982
177.574346056042
186.227642945798
175.687713460274
182.164330072737
182.634056972558
174.41653175253
187.713723265683
175.23285787463
213.353292214251
179.066494201506
192.661062799435
182.219448052059
190.27823327802
190.900717485934
174.457620826569
173.652769263138
190.963750408728
178.656317565477
175.506830014998
187.417007749503
176.489115959253
181.533356005904
179.58643699072
177.507730508296
181.561300821314
181.606694148776
174.304134041854
180.155254964551
176.081797631155
185.975243773664
184.024791746373
194.131935586761
188.593038038146
185.840557045013
183.450475683031
193.298838458463
188.385627668212
186.023294222319
182.179059028566
179.5435654806
181.474044855005
189.023075624412
184.055544985471
170.638021356533
184.334765565331
179.152387565176
188.547266421716
184.467237817074
178.797947436681
184.592746084963
187.105568247487
189.6438974276
185.905759053804
181.840916924008
182.168699433854
188.7122207912
179.035332775549
178.728275021715
187.721644479443
195.078124178793
194.645716877265
189.408444025974
182.249719768957
178.453320251971
188.210987144263
182.162611841612
188.12736956987
190.236806840709
178.789962522021
180.329441018689
180.57754933087
180.783162723892
173.233790521787
184.189139853874
187.626313317005
182.603359816363
195.045891384492
182.536469344249
187.585752254385
191.200926324686
181.671766964094
191.391410881032
178.698056382877
187.863356537321
192.106544045643
191.933358602816
180.6528882127
184.74764048578
179.909386870233
182.60240679983
188.0703445873
191.839052127683
190.03151881879
175.121053253205
188.092182369973
182.06388990839
175.295771009898
189.813422284199
178.323296707552
180.597280666626
181.386582714169
179.808155661602
173.6970369274
199.841178232477
179.434249140168
181.486038305672
182.797164901326
181.087255227999
183.981012145512
182.381194512893
188.014883332691
188.700129009075
198.597688079395
191.422973996014
184.10743018135
183.224871069535
187.607407235147
190.180656972163
185.151002762239
174.804209927851
192.178650047579
178.107692685882
183.960732107653
183.949842542365
191.313830561352
192.768963453363
186.517625078514
194.724043134137
186.401194774721
182.312101384826
185.939010277031
176.077544599792
188.251900783667
202.385672409795
178.845477135164
198.362248266099
191.085789063228
185.56833942332
191.847409439543
191.095166361814
180.80889490308
182.519872315753
182.737318041119
179.483411574656
184.270228830403
184.985222102416
185.400846901394
197.779308990127
198.228165683077
181.767027060743
178.073589710243
182.293410644183
177.532992584226
179.25423431368
175.512976002667
191.285942957025
186.671233579766
177.553014959932
182.802424306419
183.881639743424
174.550364170381
174.918721462201
187.03501451752
184.885671830654
190.181906289036
189.505739059489
186.664058661832
211.415178176146
181.434488308017
177.207360099526
186.015492112393
182.052210935454
184.777993840374
178.893996615077
188.13662270197
177.201570117326
185.764512562722
189.293213879212
176.248815809399
181.533550512033
183.022848244605
184.636341848691
180.968326453873
186.481702788138
181.917601396522
173.191161244967
184.164888308158
185.146651748355
177.361605148006
181.756840240564
176.532305809983
175.538237006832
181.131601323043
179.379215010018
190.142612377861
180.375063606146
177.796481666951
186.357466975556
196.543464488845
188.298260864015
188.608616762301
187.012809367656
192.382840749117
180.888714849581
202.521467725248
182.308375624507
188.605851579698
167.266925981609
185.420089792249
189.034525372871
194.635280537903
186.388803821202
184.458411933256
195.401613043441
181.610124215441
194.789160644161
180.440078388447
185.700077447862
174.276858576618
182.05935079126
189.414122277459
192.882700536114
201.045596668652
184.694779889654
183.998117644024
193.154709487663
191.346689052249
185.076511849525
185.351613991524
202.823942895193
182.561223201613
183.971156932568
178.28030774757
181.745099041971
182.385688554233
181.362925352059
202.603026658929
179.780827332294
180.401109368293
174.115496254682
191.876237856808
181.586309194266
184.820235333779
182.782684180035
176.854207939682
201.218655258166
186.813142196782
184.98474086755
199.692419192383
178.982551448258
183.314221388542
189.96800759987
179.675320824954
181.714499966873
178.768545848019
182.211442407423
178.75203155982
177.736472719149
182.411152172846
185.631398459498
184.255890730759
181.610529563565
199.635402242614
183.750334721847
176.722036302878
181.899588883845
195.025392653653
189.35387752075
186.184606346793
185.787930427728
173.174018023084
191.476163641937
186.727850767159
175.467003971714
193.219154274942
184.047330199377
190.775059832285
186.335388361974
183.86371139373
185.97193680402
187.844439444753
183.978001161686
178.382254262639
181.408508121199
175.975338632348
178.29727634578
179.95145004185
175.523747542704
186.433963015275
177.644034510895
183.778032830437
173.092711570799
187.102045736032
173.817719083129
180.069117674268
182.087332657551
176.230740971442
182.106531098026
180.481340248437
189.022215753472
183.112818530814
184.515977692297
177.786436400133
185.928721250671
199.246849656322
195.407595307265
186.00597920693
180.640858188628
180.984761384492
186.291322133463
187.439636844721
198.193062670198
176.807089143893
184.374039867304
181.585564231047
204.973207520278
193.058031595646
177.951325714105
186.085674964036
176.866759785175
179.890930315549
181.601378833696
174.794957898092
174.316275851979
173.783558638186
180.962381892357
177.087126779118
175.344789791604
180.059591309707
178.130893455343
185.2571697537
183.141714840655
188.633862740105
175.702137889452
181.291558773508
186.521939396261
180.372625594951
184.428557622652
184.956528380308
180.786487442852
178.843114483516
184.316820831583
185.199205552787
179.645733323716
186.002100797997
174.069975139413
189.902651838929
177.872406087705
175.895104042986
176.406250018185
207.837106870636
182.325507997797
190.015763054673
177.486772953164
185.021770517797
187.085612302314
175.406728250041
192.230046891887
182.583936379843
182.813016413886
177.326907052648
170.360073638941
177.457642021273
179.37736416493
192.687799601275
188.097538991573
186.626988789308
172.899893378663
185.534127257837
176.559140611826
199.093271485865
189.108137946636
183.22469066453
178.961516906926
173.331414919593
188.25861926595
207.234027042821
177.886079026927
185.677985824731
181.666588477023
182.293645084804
199.634617918353
178.178044665111
192.793541319444
176.455019815286
188.357812346576
188.898090608019
182.754344087572
181.228595401474
179.416045789367
177.453442058696
185.273199443033
184.672003424541
192.308309842338
181.526143411417
195.754062606812
182.710284197905
175.893714156105
179.243580847016
181.91913223185
185.329562756841
180.155235916744
190.33923952947
173.919339938048
175.538193099984
181.747538950083
195.79998703079
178.54570072621
185.383656250842
185.976498959455
187.320422098754
180.961342265369
179.420020722612
185.616072997995
184.211370398042
187.049045536587
183.55488548782
184.681096202123
192.553561803672
183.589431435412
193.112734050309
174.136670143425
177.861907266028
178.156400432722
181.160160025936
184.936864565416
174.853595021648
188.314028320596
184.956924990223
175.54021001002
169.32677490145
194.888399736655
183.779885813239
183.423689998825
202.401661583943
185.343716134073
185.65990379595
182.87380933408
181.309818129123
170.588129021111
188.051180798042
184.653590242559
180.260890303935
180.055405369827
174.409448239874
172.808782175973
186.612284271118
195.238984989351
196.677576017188
181.157549055187
176.805809894774
190.899486507739
186.003020600345
179.519058678412
190.058798714597
174.61900248015
178.045834537666
188.937239892389
187.126851197216
178.29355144211
181.705661591161
183.732898883344
180.550764349257
186.225123143056
183.167703488832
184.111067846366
204.802954171414
183.922367170463
184.048849791292
187.769734019123
180.112744389637
175.084085690996
188.82147124986
203.143072114053
191.891162565932
194.937434287572
183.413384323624
190.577586209149
186.68092657309
184.108632306517
188.540686206161
185.273454274635
208.807809809177
169.468426042188
175.121922219553
184.280774310309
176.055335919159
201.811895322566
184.776484500256
177.491781095427
194.46516907415
190.790283682257
183.549944912287
182.04467250445
186.331752641809
178.732314236373
172.088077180381
177.445870664088
183.894012083183
180.128774653136
184.533785780731
172.263050617752
177.622737380984
180.81930023076
180.025242437236
195.112520435207
182.562193350656
185.127272128415
180.513045595976
175.354222677817
175.938850674894
190.907905911276
196.5015557888
188.703184582116
179.982067462601
187.790315638647
190.325399983502
208.962956857719
189.941850133961
180.934029464885
196.521265563123
172.730591197985
200.588061513527
180.222930318757
184.8349120621
181.669035919239
183.95210061457
185.813481555709
186.420614082485
178.623010434721
183.986511908564
181.608207996142
187.47729412258
184.72803429362
178.228778813358
174.659346822519
193.754975754992
175.28940876986
187.6226467843
179.820310038204
176.252691770847
181.286013224954
181.778662969705
191.752058239311
180.930398374104
186.63124240903
187.841058430481
184.533528356892
188.777367967821
182.802565136755
176.983491375907
170.346821948746
186.459419999822
184.133695920794
183.098216441546
184.12803214736
177.041319566149
171.332952630964
185.654188743336
197.851730144185
195.222946592064
176.424558491965
180.582610867557
179.33248013205
195.874242099861
171.330677849824
183.99222961224
196.846841923435
178.682146867239
190.311355605831
181.122309281755
185.58525709408
180.031651027857
176.540635034844
184.779409610756
186.150463764104
181.424040608923
187.447454089743
196.51288509031
182.975450547512
182.537823443473
171.838154882922
181.368869920298
186.349268818368
182.355358084383
184.213000247009
177.924902799274
172.421394221119
186.308061754851
187.078526795657
185.192180680546
205.403457305706
193.303730789403
177.84935744067
182.811313650355
184.797762326312
191.380281902792
175.933479082957
201.336264863896
182.430939887107
178.411475406099
183.618406050829
183.265026522303
179.135866271837
180.644182633892
186.489564490188
188.472245244734
188.784001939006
178.364131967944
176.315521108788
183.103649254014
175.181570297849
193.044346479704
181.436821158168
182.878288456254
192.042351513864
184.489545203853
202.403533078427
189.053281401532
192.693512643675
184.532031268894
184.957706070407
178.750362610601
185.812164831382
183.323458032293
188.064842452406
177.632740558876
179.012941952081
181.095488012166
178.205930508887
184.542726291101
172.995856673474
179.930221677877
173.479992600099
186.285896499174
200.051760117553
196.516233638602
188.647725880614
182.992776858511
183.612592402209
185.46188438837
193.797414911888
187.983176340774
188.670638061897
183.208637122862
179.875091863611
180.080495959166
193.023012029856
177.714019219997
191.882538093645
179.13564712664
185.594614186594
191.577025773532
173.619009498435
178.830997039668
176.596279588504
184.812100195752
175.540255249205
173.679628166417
174.512907604593
166.179288942405
185.925947442858
179.262511887483
179.211452643333
178.804013151625
188.262968465334
185.040472305495
196.772424932935
182.60250489589
177.133389730326
183.69079935113
180.370129283789
185.797570830873
179.981910845321
177.995481209823
192.329470259963
172.862420174622
186.646512541555
183.080806982943
198.178521452091
178.357316205609
187.049894026406
172.419996440159
183.277493951006
178.328079714702
179.866590693897
182.371681445418
181.107419434046
180.919551433772
182.260354234107
182.47797124654
177.010006638172
172.350522200669
181.334704495898
187.009224560157
195.183595511193
171.011933476543
185.218053115728
179.085853088478
184.372800613784
182.36675717162
186.662298999653
195.247581309669
175.864213280986
176.888155860675
196.044976083293
190.484448188132
185.777488447514
180.749380894404
182.209790945383
185.273521741779
182.577769955905
193.165069116362
179.552535892452
181.911278636146
202.137475655173
183.066820760365
175.123212471234
178.500345634656
191.505492399144
179.600881550668
184.646143959131
181.474568692633
187.503677964856
187.641454447762
179.75016441448
182.512395663544
175.378838510606
184.882728103159
179.231881361954
194.094303521661
178.299544000527
179.71360745218
182.996752192438
188.524977587111
177.239255804683
180.65416869165
193.134804860937
178.553082426664
181.082646312339
175.349659770607
181.735866940514
194.535334925732
170.566018362391
180.041271825054
189.391367922008
180.151243938662
197.833768452922
179.107467795038
176.521801785058
195.885300929467
172.84561419993
186.816169354332
172.112277314713
182.074971328379
197.386727423185
178.812857655419
184.038712953986
186.525790121197
182.158492814556
182.374869695552
195.680822500594
186.064935326376
185.094810976409
204.918704412598
174.410626235377
192.95473015432
183.377283565559
173.139721394649
195.339969337733
187.7997131125
180.975285833964
175.93136325891
176.352630914058
182.972093058287
180.075264310657
194.577363503434
181.644202451369
189.065541310008
189.908665808556
199.660607057634
193.944767931047
187.949295638494
178.82044500194
182.951252659164
185.135785775738
195.732341729683
184.467827989465
185.650315353981
187.966414951702
177.350702305553
191.532572997098
187.428785745435
192.863067654754
194.301329743249
178.013420004577
176.657461172193
184.299404181912
183.317673255072
186.08609794467
177.35692924486
182.714183561115
180.570110953632
172.851157753698
177.223931864782
182.758746436654
193.263389503151
185.190121200564
181.900971059288
176.989462534412
173.215131011054
185.057347057952
204.604400195604
185.235299888144
189.088282045017
180.197666384388
194.593460309469
190.223595761134
185.921164848717
199.253646080483
180.395095810895
188.245126050692
195.756730182841
196.433737731091
175.773001015353
175.311079174999
178.142489207224
183.149400479493
192.92436422031
197.017168647379
184.722541312264
180.32311173774
175.369700387692
170.176760566392
172.964785049022
181.594411961718
176.755745960297
173.672932075732
180.083536237581
201.721850789507
180.238519094827
184.562647264807
176.129344112851
188.643422868273
186.819704131823
182.160347097877
186.94002618417
185.699564757042
175.98264096545
184.903629340957
188.089088544565
182.742872990648
181.105463166015
192.693128084876
177.003911487469
183.420751102841
193.43882308565
188.483504122613
192.345738189067
179.983656521903
195.357699562719
195.368828761037
194.289291892062
181.757942597148
187.847215350118
187.576676894816
198.073242938428
179.682347785081
187.349337497716
192.738736505977
193.2935557712
198.315814760652
184.708264022091
183.842015884264
182.10720176878
170.893095508274
187.573516297313
170.128484099355
177.886078300472
185.181788389537
190.944834390068
176.798378148198
177.650649871039
179.662859298794
193.737343799067
175.53603239021
194.117621666811
185.061932002568
181.023527364616
189.929159045879
173.666764617597
180.620228229889
184.404675447394
183.58589826783
182.336423782693
196.060432253694
182.519327405957
194.374874967069
183.091991095695
177.885257473414
179.591720873226
188.048075435743
182.673750007905
188.31326959153
186.955706064704
190.514390756625
178.72320536351
194.70191977481
195.483332910808
194.793786680841
185.349177778959
179.895687226255
203.322240015616
176.124052863811
183.0304690185
183.5546217308
180.948229358948
188.014038152841
190.636294595268
172.573618528805
169.31059684235
188.737561015555
193.636606878414
184.445014373825
176.829823730803
182.126643114577
191.846898565091
170.888051884801
186.527773640152
191.336911436473
187.479929523975
181.217676478265
187.124875477216
175.92366488634
178.833578918664
188.224277217817
184.857175140678
178.588577789859
176.86062903289
186.802730362872
181.160088696734
170.126482629077
199.443599040914
174.235447011865
187.810067506896
185.675663682016
182.084449469814
192.827168354832
200.943956746312
182.706523503722
192.755027182216
182.876022523844
180.467946718479
185.85504335205
187.66013085716
174.568499663903
195.047562632085
176.492002570461
195.629282177698
185.298793539802
184.167257855837
180.934865389671
193.646300858479
180.885565639398
181.917587430979
203.209553680848
190.670715288125
186.198365950988
181.825346480435
175.589707136011
194.621811764199
184.759886465099
179.422487449903
178.654048264859
179.121246177582
191.364326501373
184.714195401918
199.890850604767
183.361881757849
183.18403437836
172.587731784826
182.443270367121
182.386463969671
191.56217412779
182.461644886425
187.389485092454
181.081838299524
182.434412108547
205.889715748293
176.383616124864
184.5994470252
191.479809768783
175.727811089826
185.554477969556
180.495234865941
180.947017096033
180.036473125823
189.938465648313
182.803791952159
185.061179248721
190.00119660033
187.374084320298
175.012156708447
183.67565808127
195.343524259099
177.892791277906
173.400318112538
183.222128650587
181.114573666236
199.524223749831
173.499974693627
178.173963663225
188.85698895568
179.94961800445
188.213410360104
177.73712631485
176.642398721521
192.559681936792
195.764207281461
184.644077788099
180.877505951275
186.648591061521
187.236677479139
184.123634047593
173.792159209867
185.851553746675
182.521983816068
193.952207591085
192.382703207989
192.6533118288
183.093392064276
178.073147772095
200.202177922343
183.759725224395
174.005172743901
195.869435159998
190.409146642951
190.856530246855
192.175194134918
201.740186145649
195.367438213361
172.659897551915
175.910881913193
171.999861853224
179.605368518402
184.392808195861
186.398527229475
191.413132093571
170.253724725547
175.080979312254
185.273041214768
180.028254799866
193.402860764875
187.049781776988
181.627114023223
179.992942824871
191.59666673717
181.508042030788
187.318922827628
179.924961094911
187.93556291652
176.860270562885
187.83055059912
186.941619919259
179.228395570396
183.014192260614
176.485460707493
189.983272754545
194.203630858097
180.871192255855
188.797746594349
170.568803957927
190.318014946284
198.582610970842
175.36340057722
187.802974201275
180.981056525373
183.29123498369
178.423170391382
188.663636925412
186.886011084667
187.973380162168
188.020932402118
186.498582137682
186.169114759343
186.15705743251
184.656264976326
182.946706964664
179.408536344594
174.377037979173
181.654575569375
185.00594598145
187.334565874926
182.853350115505
182.378419980624
182.859840948754
175.776895962829
189.505823573254
180.133788063653
197.073505203532
198.863486759914
197.396158166562
184.474744662494
181.072803286258
189.34355996215
188.527768976068
194.935588686646
180.362861659398
176.555383040308
189.355444330416
192.108436050258
179.050087461313
190.862220757781
190.039583774315
182.517574565031
191.595586442286
180.531170977051
179.720335189053
190.76155097814
187.432889872817
187.088414329589
180.930589563773
185.202494581301
179.837093396237
190.98102645162
191.89348158571
176.546469971733
188.210858577303
180.61759697713
192.266608827006
174.901163783555
184.786447137934
197.936874323321
191.103396067486
195.798333945832
200.460837628618
190.924103988108
175.865557031716
182.282606270532
184.477707458576
175.267931500194
179.142649240901
183.275209669683
175.390508170466
180.278179591451
180.158057405421
184.486245672661
183.034955027586
183.208582065475
174.66413604016
183.668712765699
195.070067869937
185.149075787257
178.346918330074
180.668553491683
178.90100660136
189.173925847211
184.403789445028
184.063410634104
183.678250291063
182.443184856025
186.337769529016
185.895749496068
184.03264081376
175.591980681921
175.907313027976
195.111408363002
175.970949848687
182.495064355161
174.269891244541
179.688412908442
181.929289382681
182.508290798153
178.358809091554
181.366608775409
197.6083188519
175.614288375798
193.54083197017
178.022456579702
182.853578688332
170.344367794777
177.690255242647
190.957775231059
182.431057289406
186.731153472792
185.3325055932
179.148890228138
193.783235335446
186.687960721978
187.968159831037
195.739992179038
180.400573371801
177.184804271969
191.696105166221
178.050522779372
187.129571715438
180.142219310958
187.360376499994
196.838096096811
191.017715813086
189.383474993338
183.025107184863
188.881474853115
181.143893875883
177.546719815332
179.046612547573
186.444550837267
175.964171532455
185.429750743338
192.153443076794
192.366006443329
181.705603752162
184.307286896268
180.669259885697
185.432969343865
183.999827987332
179.564655180314
193.847754668617
182.236180692312
191.850686273429
180.654556300703
184.126835912852
178.532508489272
180.394200419193
191.818184331594
