"V1"
204.679074521554
191.002477021344
179.694017917437
183.579182763909
199.919371690057
184.173962455199
188.795876731393
190.898858843417
185.347736647165
192.240744868742
184.687762845501
197.018793829767
193.470782264003
198.891168730697
186.546905029919
181.730578075544
188.343090711204
191.677729081003
186.345896524053
185.572339323381
188.019816239466
199.109666153259
187.145866075661
192.097363731687
181.802485657791
183.798567156187
206.571745372074
190.34769217847
195.190240054601
210.795999982927
198.937135215756
194.497151477674
194.423051827395
190.712223716575
188.071571073663
184.371868309646
187.194406381727
202.21707782265
193.155887525327
181.375688630884
188.144383203914
199.453129088871
191.313749307279
184.288793467009
181.147020905186
192.149747319576
179.884865553604
187.738213842109
198.455636208312
193.614019781989
195.172073707868
186.682394842878
186.005473695824
184.701880456591
201.254827142871
183.256703960424
192.176122481402
192.229917349777
185.540678790679
192.95994818101
184.757639603205
184.793105698261
183.086762970939
192.100278991017
192.98548301591
187.567912717642
187.890011539615
179.836447813421
199.325544560176
185.749584636625
198.598769916537
190.773204691361
186.145074284177
205.196241427609
180.187482982782
201.638534658211
187.493079318771
187.780125539541
183.996289310604
188.899052834171
182.748278448889
185.725660848756
184.338662539005
187.733521393897
185.377562531135
188.597379922587
201.747831481864
185.279014084423
188.89848226963
189.583561091843
197.416324627632
181.912197430227
196.551984913573
191.756412353059
182.544820489673
198.809905902035
189.432566440185
182.268145587324
183.170476113988
186.182451529618
183.442932596321
187.791537825474
186.235167138645
180.442481820935
181.367731571068
187.486604919874
185.661062300564
189.487134527443
196.896518390957
193.146842249877
178.890772253415
180.271665943754
190.944032074176
190.215990603376
187.561335241379
186.594337428863
188.293191379781
190.791557712711
192.417469667112
186.914124246068
185.025683352404
187.128669223354
188.569443629579
190.911653183113
184.030977422502
180.631780884292
196.545618404071
193.080739038728
178.602750295125
196.60393419739
192.99922919022
185.265986728869
187.371337609085
183.135406891393
206.021306687361
202.128633176474
183.158851866478
182.287930656726
188.865065787207
191.623288320147
189.778534043055
186.414882006801
181.815305588351
185.944369340063
180.308013758149
188.111110224812
195.224684911295
196.879362370086
190.211616037543
183.168578000593
188.974344395648
183.190728256588
193.362647143418
190.422055872618
185.839844313003
186.477103851437
186.457724761427
191.085313312607
185.921380780976
190.510859226285
184.469695542484
187.223272345484
190.853754450968
204.353666591294
184.646984176441
190.857108789986
185.012547651354
192.53564547431
188.030937474031
185.045860958742
181.996477521413
185.944596025945
187.861637003165
190.748210989422
188.097089158604
197.5438292616
195.440908428028
184.973518431392
189.763550514847
197.856580231192
186.447168044299
185.379487993864
188.312560162186
186.297463536463
194.842899034063
196.23017310906
191.617886753176
183.477733278171
192.225067674954
189.915536213518
199.29960663126
191.134242011013
185.805446205547
189.640515254447
197.467239639854
194.359589442295
188.640180309705
200.87424161697
187.802750390046
179.166227272213
189.624480601844
183.831126423805
196.753646129117
197.214892285123
192.148618146877
191.056370017516
187.849040759428
190.836810352085
189.206832048957
179.958425744122
189.386102210783
187.39896954912
191.345528080948
181.229319866014
199.829702270296
200.553064767094
199.557856901488
197.312213187005
180.250699074499
182.795815969833
187.490610410636
192.36471646832
187.741941515359
183.50403998022
184.789652543508
188.997037851568
193.664418910051
195.573604458774
190.536468704773
199.255631039126
190.124816176627
194.197984480338
183.947694437484
194.420900578796
187.731100770235
189.148634079811
192.365909892747
189.034659487871
183.035998250605
185.103351009785
187.017696058497
194.140894041685
185.492626249887
191.487255689091
199.122211222924
188.528092330669
188.668083584785
189.046862385896
183.847933797908
200.14596462231
201.954766034347
185.498933933115
188.369788388854
194.629799915656
186.715421939336
186.292225363267
199.362006843061
194.297105204808
188.433179446206
198.910930430007
183.462293297957
188.296576914632
185.586828234956
188.275771401466
189.51404515976
199.219837174516
197.514430181317
190.962188444634
199.70591827998
193.394853378901
195.794382040284
186.425479725334
183.354749067259
189.016589741071
182.842505582332
182.576604392658
195.410200701595
180.479256501772
194.896854625356
206.64965740392
195.125912362576
186.453064963226
194.163960111792
192.460793759373
187.886061484244
182.421869373055
182.092606913448
185.274381296915
186.681857164639
185.871566997766
185.736369408183
189.049620503002
196.138432814862
198.382920661802
199.565005994917
190.364632139687
187.628847095087
187.311400860579
191.852355841225
181.47864713748
192.049934199041
182.835331666495
200.714204733886
201.474862162825
194.97928710847
200.250060380779
188.278698836112
201.779694741111
182.711306220992
185.740906407024
200.554641386403
188.937538734479
189.263313678811
190.472885994424
197.210328723113
187.663567551411
189.639690069969
184.495884902545
182.117522985205
194.075946794966
195.485940517951
178.690307810865
178.848344323899
187.635662195475
192.829326228236
190.491706601587
186.523230853316
182.948341834638
197.261290075289
190.538763381189
189.318589297542
191.147383280866
190.079962049242
182.101451475076
192.93791593622
192.289948010193
187.886012568539
182.158918060767
191.205579515459
199.745072012243
201.08268816514
193.888387268055
202.25762208124
194.062908441049
186.435351589731
184.714156565624
200.394449613047
186.247483621903
191.088250998603
195.340277825482
192.133648548344
188.133673940285
184.229298269155
187.36637638027
189.020384838362
190.95528865328
196.169343583898
186.466289026111
197.926928201114
183.870020216822
187.599330630189
189.660649092204
192.021821524114
183.279664854324
186.781652865476
195.075280528772
191.779308963252
187.174809193933
188.514532554302
180.476589003497
184.320319262131
181.695037114714
188.574505400819
196.054777084177
193.801148349691
187.225500125434
188.963771225367
186.524765121587
184.606022512127
184.72664931356
183.588543937199
190.388761083389
190.466072686072
182.525001824505
186.163147070394
198.716256202557
192.679980521415
189.542476735537
195.377541931054
186.170934145348
188.598038563483
195.618854317069
180.050255271971
181.782064229037
186.406800569855
202.205311358345
191.193380918992
197.03700331168
187.843720373527
187.590163880547
186.488555212285
192.429413757743
191.778433732611
179.158133595349
191.75542904548
189.332344120314
193.550626930539
191.236576476751
192.927690921483
198.576457542121
188.676987877723
182.289780338821
192.746394587431
190.938981446826
192.735358744606
189.582051372861
204.26578027455
188.348860189971
197.524221183726
188.681752191754
193.564787802442
192.323080368131
188.209865738848
198.75563983662
187.312804427174
187.700706890246
192.432672868497
188.444272398066
187.916898786843
191.918973403052
189.778922569066
188.12484516135
181.956020875475
184.994699469384
186.558642132281
189.091722327993
198.439385866897
191.987771446272
188.955647441123
192.694559807057
183.576542319206
193.746686961371
181.174043850329
184.070803227864
193.493060804567
194.293573517456
194.346436215463
188.06695442478
190.983202344279
209.302192623502
191.45605265657
200.249144045992
179.505819627564
194.821168535582
195.750326057352
193.638349645083
190.910588149746
194.244311824321
188.024595028883
182.148337451703
181.024369629913
192.310644326987
193.926895891597
187.983821852353
195.09389343944
186.163271724003
193.295999005707
183.808587901449
201.025015618386
190.833809820928
195.934138666651
197.149552061318
185.200739566644
187.949136154694
188.342874767042
194.551629360342
186.225570953176
185.698780667429
197.038950369109
188.435266765403
207.334049122928
184.129582327677
190.221080468771
192.591022398513
186.192447886103
193.245244441947
183.481879426589
191.586244097823
196.121768779542
191.738770583798
191.551183118897
190.129508952048
198.766861080819
190.715980683502
193.839590829604
190.918013060077
191.815752448652
197.996196844592
188.91264362018
191.807232895934
197.977724709399
194.220647441847
188.309996873084
202.577572302749
192.944008311281
183.283805377242
188.146845402271
182.475061158342
196.712007273518
195.897092027329
183.514685818547
188.397199388829
200.325865679931
191.318199361147
193.042016539791
185.366743208912
189.225003088048
185.44944793745
193.459982536609
191.222260198865
189.375442252013
183.097497254871
187.484307599464
181.180204993123
187.74336467694
185.302151448042
201.691009296286
197.938885459424
190.20402652574
201.302164628297
185.391725380341
189.157161012417
195.254344635453
187.630289686731
187.732138804678
199.417043865732
193.597908853149
193.384946760939
195.595707013755
191.273976012287
191.942972408215
185.628382774291
182.026785924433
189.565413516734
194.342541532548
189.029279015705
193.210708652676
187.73037055889
180.173264012956
191.004715367831
187.376517046672
185.939058967101
190.580218091435
200.674297471729
187.059438392467
191.63322665465
189.764348635819
182.079899488854
187.251804439364
187.885819457309
186.49287127136
196.066844478901
186.278814532521
181.947479498658
187.143979975184
183.122722254109
197.612381341675
179.891747538203
184.080164445095
194.156761834921
201.926051207549
184.315080558692
183.629029262677
193.650983101765
186.988768081169
185.263725094098
194.270483906666
196.789438335285
193.153452769197
184.725408741355
183.408975080907
188.995248616488
185.731283330458
192.456297080974
200.365170555999
197.303052641475
194.611759401112
187.554813502662
188.718324797814
192.080754808366
184.223206714476
182.736756023345
184.47784007024
188.020542562003
196.601203024502
187.874644466735
203.36128190782
182.563132158335
197.311536726458
189.037973166231
186.395319824327
182.645439030416
183.470074234734
197.708320185452
187.101431218245
183.416242586684
183.12351197426
195.56798950305
194.252355927012
202.797002036581
195.81177413507
194.630282970081
190.018186097564
188.960169264244
193.611537214543
188.422382437034
189.848189192809
195.350100503635
190.332819032503
186.755740155487
188.205570918649
184.256051971937
187.321106978886
185.08855368572
192.426703517496
188.895335088373
191.854901032267
186.080813244054
189.925399794127
194.033948130643
198.673675529327
202.402796032218
192.163305278411
178.870940867874
195.147929183928
188.692567182355
198.50529428262
191.062242817311
187.244039628305
180.275572529503
196.691967441086
193.385032857874
192.719536831949
193.239189748139
194.183002285722
196.537104752835
191.836467187035
189.647315135104
186.545966528902
188.166808031025
187.002954811309
182.33180742972
183.97418182555
182.43738314846
191.704383204321
189.035031166967
191.693581968359
185.77759865404
204.758235383844
191.204446191947
194.771521674367
186.543106059809
195.916528046597
186.760163969642
193.322859131009
181.541465429576
188.62401998965
188.150928816192
203.435012104196
196.112163063264
191.384553286136
188.410525465749
187.387603130235
186.313240490336
194.46260510476
184.109125150859
183.968159811175
187.867494307946
198.632820690561
181.396956583269
188.941833152269
191.768837138763
183.524747939836
191.952411473715
189.451142046548
185.869360326873
180.363987869405
189.427875623998
188.984223904409
185.167150048928
190.609769955922
188.26844353771
184.864763405079
185.677754056344
192.338519726412
193.875818112978
186.869564348645
193.002194276193
193.848316561219
198.834374815873
193.497649525094
189.110000332501
193.443723066512
181.813389873984
189.200166709658
193.371735547107
178.689641129451
178.03571768664
202.523845467632
186.275520018034
184.718919396865
181.34001016122
190.085507152163
191.313538449322
189.062668038507
185.086404942945
187.015287625061
199.619047606369
198.937790756296
197.880900214734
189.614472709664
191.345789104981
185.584857983383
208.539869216825
186.300984690304
182.864527333288
187.459354959796
195.406589103865
189.43091593728
194.372102083694
179.583485332555
196.101110430238
191.561555999779
182.737996903071
202.093993839931
187.569136986177
200.081545496724
189.797459762642
198.246154440442
180.921877092728
187.702256912426
180.514501717357
187.96522528249
183.271266601719
187.944157881246
196.34142179495
194.629979284584
190.02052016279
191.793198129743
187.990974992425
193.680592727139
184.685031898251
188.563609924868
194.304508872992
184.689668699242
188.131811408002
185.403308435691
188.682620791557
195.290954617004
181.536328239611
184.252416839974
194.047200449008
189.577747532179
180.054616301439
193.68810563273
189.591169835759
200.117003846077
190.84234966117
188.689605082119
187.467904186925
188.689520457787
195.520372095784
185.834467577717
186.738737161388
185.656991591665
187.11880005785
200.032033575815
186.690109673673
184.185064088859
185.407686600845
204.905509690476
193.19145971214
183.750022260624
186.998692137308
189.014504372429
186.868196088321
185.62273174757
182.764916096417
190.482096775179
192.308137009183
189.099192479667
182.735850307932
188.475724894767
185.87786304495
189.54137251639
187.498873059478
194.629394272626
188.941802624943
194.560942083959
184.436426118474
184.083192422756
190.949403698941
183.400996960009
188.375015951765
195.217176846211
186.743675843186
183.348544260635
188.087093633774
194.329467751762
192.962270568686
185.565145315168
189.482603649644
194.420317463535
187.685485543206
186.936916120572
189.032641230141
191.540873233602
189.819998102843
185.670991208456
189.182950684143
185.455792170499
188.091334636322
194.531981826283
193.01623360707
196.933335610959
187.099609580773
192.177606943403
182.088489302403
185.601957083857
189.777723652069
186.323145870019
198.027694066405
185.05917116338
184.950917137235
188.591980333086
182.931644304165
194.436092047264
190.273929603417
202.400490516313
185.975481852003
189.457572776361
190.771632488111
186.556643100801
183.699209163696
184.533752214437
186.869743114814
195.390780036688
193.684228706341
199.940552616085
196.628784634286
187.348947595309
181.293536497013
190.003888152878
199.98607687832
191.668242948912
195.862125945303
189.11042862722
189.537361370119
187.298809383643
191.294068183998
196.514784284554
188.152057595575
190.850950247951
187.713764832359
194.187190425807
187.023362770725
186.801140281884
184.19608778324
190.388596455852
195.040976958416
191.169666056159
187.489516292148
196.900600987034
188.822167033089
186.043658532531
197.526428050583
188.813203081209
198.137017259433
187.405999738461
192.725871905459
181.806324989029
177.722164299031
192.462177802102
193.455824003199
188.240306655041
190.887904550446
195.021072375942
189.84636418455
183.793259210878
187.291640039038
184.997200037418
185.450357538004
190.448625210273
191.813925053357
184.006640868542
196.754716798179
181.187597621514
192.372107717571
190.699429947456
182.571298241913
184.182971574552
189.301069159197
181.40499986347
182.580180986214
191.593805409186
190.483225258773
196.068666033353
185.856379093178
190.166806706486
189.922009705977
187.267762561217
187.908662547157
196.757519605899
200.472291724668
189.329487153548
191.630438799047
186.844034387409
183.708653916852
198.527667119237
194.545625397739
191.427652679519
185.540619170278
182.020676808592
181.331719868368
192.10374099918
179.845178460569
183.642835339646
185.422231185715
188.902076532876
190.409048105067
194.981689150647
189.366682871744
192.415281106008
181.738721753783
191.42716449015
182.540405435445
185.216249092095
194.651216645787
188.394252673355
188.314029395268
180.655464661685
201.724624088764
186.291181071958
178.816535450158
180.684151620212
191.895625788243
188.645854964952
183.408396401103
192.235531655817
192.192753934296
187.217403090916
188.711167563847
181.122658317601
191.737958778365
188.541413072831
195.67971672635
188.329526362263
188.36096048343
181.932125561844
187.841705415444
197.476674636167
189.757005594917
184.346348100969
183.292981407856
185.222986609593
184.114502426994
189.954263957897
189.211884426114
186.983002913367
205.687821151469
186.449535109248
188.286429302786
182.871920330548
184.568322977574
200.597382388636
194.550799030736
188.780345171368
193.272328181835
193.962537700923
187.62667917377
180.923540539232
194.063858706662
192.014820890187
186.232487240908
185.612829552269
187.937555945982
194.713088741625
182.386886421227
183.760353317958
184.251025998749
204.2908885597
184.416353563204
184.790844536773
192.284931322273
197.856458269888
191.19618569868
191.086149523431
184.888692548941
184.974809861813
186.896000888244
190.184440285146
186.638572682335
185.902904969635
185.915646975875
198.594039552029
186.362715773909
184.748137592541
184.005077438079
195.340265654064
190.234813069479
197.073291773026
201.26113713084
189.43401612899
198.230988549632
190.776404104173
201.352826922682
199.76917775161
189.608625623573
196.559218519822
189.484536445522
193.489080956838
186.083049194128
186.913789570065
188.347853405004
181.448778596377
195.220340764311
185.897366021385
184.111490423777
202.070393361034
198.25626917909
185.438892899416
181.971383198707
183.673535053243
197.49794096569
188.492510628256
189.437279984466
188.982055856496
194.094002642389
188.802431051371
184.94825609788
195.053533592146
182.924108364426
190.024752729254
180.553935566511
189.067165031659
186.363781345509
194.336204797875
194.870698874909
191.000942614693
183.903805168805
190.668835043113
185.18608069949
195.057087472835
184.26937020251
192.036212865524
185.501261853483
187.604017561456
190.670938096375
182.886367311688
187.199738212271
192.371305740644
199.994164064654
199.488315545109
194.401304805565
191.983158568331
192.882731931642
191.990774236347
195.604596087838
192.898905167191
180.49709750892
200.382961063156
193.893672375237
197.308879122565
189.368511817072
186.107819431673
182.699291988053
189.368974004512
197.410579526692
182.107289693797
196.61466656178
191.020147771561
195.376825892105
197.708308206319
190.565293825116
196.841817664151
181.895399171842
194.063342632499
189.403535026667
198.797956709033
187.049131728322
185.27899154375
193.115065921032
191.667023447928
181.361282586561
183.909361935419
188.960087989084
194.047964989133
178.388126079687
189.601278596489
188.734976848382
184.622293339236
184.137951707446
200.552380111667
190.05970824541
189.56673334774
194.4020521362
195.355757935114
180.007847256187
192.656741037904
194.473032107503
200.079752071313
181.774737499769
187.317630225914
192.802463084006
190.538342718271
195.705132196528
187.153616523591
194.21560815403
180.058280870242
191.015913918275
185.063707071135
197.702781595325
190.498930325754
187.602960109183
190.666305257056
186.30700115246
182.797139936809
192.338306277583
205.578913094603
185.230357984169
189.608148595337
188.310489816885
190.982690930268
194.913143981309
194.914376180504
199.237147344777
185.848310420377
193.220918249119
187.122700877343
202.949614334158
183.991700577474
187.239168808013
192.380063907684
189.421736740943
187.432259068514
198.523777254071
187.18070833697
196.247889658398
190.324102745493
181.82358964405
196.689441437814
180.191083440604
192.905735977999
195.597797335952
187.56809644752
190.940148531116
187.963412070422
186.903118377925
191.658916450692
184.676690902542
188.560870847061
188.717325686591
186.28409246333
182.449204962463
189.427909297556
191.867171012556
182.722675148614
194.832775827692
184.538593362499
207.078914348566
189.370490425964
195.450681808806
196.848940234118
189.081951384386
193.746664943716
196.874822115745
182.976152967764
192.598271829371
191.377729370007
204.593901581757
203.043142931416
195.470208264321
200.303025739147
190.93040880505
184.779962026668
179.660931415135
186.9290131533
189.219912621125
188.082259633441
184.246331583352
186.020069767358
183.673943111206
188.545345296474
184.851155428962
185.666708331606
189.799763398694
190.733415612197
185.110929575118
181.777042514891
185.579984252121
194.168130299453
189.21603706941
183.045561445064
186.57262681797
186.145046692215
188.54205242316
187.193655624949
192.57627985638
184.959314737965
185.249072370831
195.804331218166
190.106623625117
189.72256028164
202.51392705881
182.373934140514
190.894010009055
187.533341477329
197.415410775405
187.32180584741
193.295791754984
194.533136039233
192.435918696412
187.696709557049
190.924358480988
192.413019023845
201.503049819409
190.748764337614
186.490230272594
183.561799666046
186.490874130375
191.621432264051
184.876630579554
192.822937258741
200.884949558612
191.53393716817
186.699322340519
185.353025129984
202.903936403276
188.401100063814
188.460015112562
187.333941660778
184.924021744192
185.117541045959
180.690843550629
190.321732053065
191.193674911737
182.954159670088
190.109953906573
183.901956964959
202.748951634979
186.75863394785
196.309926622459
188.398659668025
186.983917437916
189.848406628203
186.747991171805
184.147893423607
183.25993824039
195.140975333395
192.636656697673
191.047954356252
181.264847900843
182.793217578528
197.990545771265
187.93199252307
182.382750670333
201.967113598087
191.468934356348
195.45968638153
190.788804750185
186.469562402045
189.205400389854
185.200848997879
192.100004324007
187.160744636277
199.509420073296
193.198928815196
190.992164378079
185.551517480447
188.764838337776
194.298633419341
183.975867453272
179.58439750362
191.81872904139
187.76212113966
189.806640833114
190.603574017971
196.145517592275
185.314320914296
186.355336569283
183.074153358876
177.441518414016
190.010040651713
186.455760730187
187.974838814373
186.514290209038
191.491018512674
188.017479442428
188.07282392406
199.458757149545
194.385235852113
187.868481370524
185.788509647154
199.066450707697
191.374530145235
179.311228792662
190.766908295341
189.177936055417
192.087858561386
186.280146778827
190.022721709098
184.041121522342
191.277190703481
187.267003124188
192.658355332133
191.273809950392
182.708113762452
192.906028573188
187.68818165173
204.062460725657
179.933185344653
189.209228903414
181.143529694547
189.273382369739
199.202562303649
184.187927945135
197.504093091551
187.345417111593
185.638506454436
187.115788474802
178.462962221836
194.789834361612
191.247037308648
188.712377804044
186.663683898646
187.107904830877
198.65820521351
191.488304317047
192.740511993585
190.852582187215
182.011530997878
197.02114178672
196.738193671559
197.464376018797
197.405130598628
193.685914292194
186.027967648221
189.592721988805
201.191124593145
186.224115260446
205.880091621867
192.855070016559
183.708703196215
207.112666555814
190.268155412859
195.942228844008
191.399833772324
193.347834925287
194.089095965699
195.526689946956
185.224220772815
192.949204707142
187.839248026515
183.114243331542
185.257961236288
180.965869032075
195.41909972101
203.570014219429
190.077229724695
189.849415138653
189.195167062784
187.823736326777
191.38147916384
189.96861361127
188.582259309344
210.338629905721
190.743342448545
187.812635312952
193.579650512732
195.552528581103
184.62144169687
195.497983899654
195.023808676625
194.846113616104
189.208707874032
183.574110040278
187.409515191263
184.023643999082
204.429051672034
188.710258283311
203.20062234018
192.97605339333
181.903288314553
188.763742870843
189.569073103375
191.996939651931
190.300127046286
183.914441346877
204.039456631652
188.024962789575
180.823022527605
186.342742630342
189.236211130592
186.815015403185
183.884941668885
185.190204242625
190.484319775835
190.407604306921
192.695099797918
193.364873000473
187.150725666232
189.243878080276
182.870260199116
183.046993044299
187.210098681203
198.81174833204
185.77790521446
183.565401981424
194.27916476136
195.122507934084
190.120490986014
182.847806064416
190.077544528766
188.476393315319
193.921407387142
188.524692205605
183.355886332701
191.15145094985
201.122306780554
186.291415865943
179.971242020334
182.222131041789
189.278873467097
191.308919032224
180.761133865033
194.032655974374
193.430332986063
192.354497038919
190.64276531923
193.138153854238
184.599678013321
198.06792478431
192.501990754521
187.688199319213
195.616107973098
188.028358764566
183.745894190608
193.279213599399
190.91863190816
183.92070344363
183.31078541161
185.377148686222
187.430498886029
190.199118774187
190.992361618413
179.696466321395
187.09097721039
180.311711416124
186.268826349888
193.271649804215
187.102486761209
187.693811864719
188.078238564457
193.57738484439
190.132254548025
183.788284323064
183.564106538761
198.140510769088
190.68668011788
197.977509075929
185.481766680974
181.391592846593
204.489378596211
187.610056510256
188.450818394323
186.582432850794
186.491416441684
190.48889208073
191.531336040939
189.557408980275
189.683243469735
180.316679391403
188.686206957503
189.240538080232
186.140204899614
193.04361125527
199.555452038742
187.027193538328
186.651537392324
206.573048548835
192.971844688828
199.670145853169
193.519343188646
193.266555135446
193.501618459549
201.349084784377
189.184831031792
187.942954379078
186.696607636928
189.333949780833
194.440321611865
191.679521115467
189.278099155362
188.186968226389
183.777576991753
185.788809939907
198.403941112214
184.76627809521
189.59344118601
186.767202483668
186.455727519356
196.00337624957
187.66021401537
192.899685209389
186.753440018548
185.020897864707
202.017870814396
202.532305501604
186.797303070496
195.932702436419
187.139144573198
195.843547290715
186.515993044071
188.970626679503
189.322960588912
184.374536697098
196.790612464002
184.396880633895
188.536723161869
188.40570965164
193.096470899304
197.427126600364
194.747171114636
193.534431600944
186.894404718271
187.69653311879
183.750859192908
191.657604235487
193.77825269868
183.16298548974
187.263396502742
194.579625811699
187.792320806518
197.757174334272
195.07746784015
200.151321256264
199.079455100456
181.907241643522
198.328930092643
182.254699948196
180.304053128789
187.398723762499
190.920879928156
193.127952463466
191.953285206047
192.423217362105
188.956233935305
190.89058884249
193.261560972093
197.828300938878
192.628230670898
199.321797790327
191.895116906965
182.639576693351
198.896639086575
184.824955516051
188.079696429496
182.669366234971
185.391929478013
197.195316310635
184.82864350682
190.146802404614
184.847340507684
190.115401555123
196.033784077891
188.104154756943
214.490453799752
204.638760299235
183.864283967401
208.867856534628
195.461453961339
191.827080481393
182.488260324735
188.908107104371
196.599630842761
188.265400003748
195.477570480787
178.386661403881
189.008976427931
194.169162583383
199.808758732698
188.658955194406
186.272207024195
183.862405305012
186.917661016125
188.86350628824
187.579042733631
194.430003515984
182.562257549014
182.748320804525
184.16794085869
193.979404979241
183.344532808637
189.235865626226
187.80736730914
192.768938301507
195.068373021889
185.647221487873
198.352833320809
183.234679839709
194.55746305993
176.510695830691
192.885051114245
193.669468181144
188.073894903773
195.50484948232
192.635520174234
181.17339962866
192.994163290895
186.212956865515
193.382120603668
185.576861311683
184.670511487099
195.295410966827
187.822607849761
183.819033756496
191.706505539529
194.312834148922
206.409832515487
197.435938004703
184.129491013964
192.832870658454
191.545704643238
188.402807220546
188.385656620456
186.905429963663
194.282997432274
202.437160614172
187.216216511439
187.456478762895
193.431457359696
189.524546233892
185.10435833558
185.850546268181
185.967848437526
187.014482823914
192.347924993682
188.294369716329
199.842179993212
198.301878216858
189.541723327566
189.326141804182
184.813570730086
191.973571308581
182.382380596377
185.483900635764
185.54418877848
189.488231305502
184.80977793255
187.026794750626
193.454743088842
185.7704724414
194.594484943503
184.027475454222
190.251271365793
195.226207477539
185.260906000371
186.772969986791
186.70672620897
179.723027580016
195.142727997273
186.096303694787
185.164349319017
198.150397865145
189.401525667871
190.224407576686
180.695686053315
184.169153340111
185.488338429192
182.792447256206
191.291473000571
184.364721437731
187.875044322577
185.915952494268
193.535007473516
183.899640042555
189.640035760938
186.326977937507
186.51337214168
188.772540152578
189.021912321528
205.267472566029
198.718501397682
189.224803924089
180.481777604692
197.180599258012
188.412545678375
185.206175848987
195.352728530239
203.650936215302
186.114804715021
198.56448342426
192.240871893208
198.530971276431
183.57735416012
188.684119360397
184.445204414006
186.107412000367
187.11724012113
190.621884197423
181.319015291073
194.36918565782
187.308615378862
190.457892958047
184.728447688145
184.06755925535
192.333338203271
186.623950581053
184.786886285471
191.907172725116
185.069175787503
191.84714397316
198.023012750647
181.475112593377
187.408067090127
184.037943720077
189.819696373128
182.727558978032
189.001963682218
189.519925746992
193.99638477853
195.222062641213
198.716211425074
190.726107114602
184.440875762009
191.099479945832
183.84590305766
197.656808253923
192.530080459993
197.570202879822
185.142183123019
196.287836682456
189.151241516852
187.91696982179
185.912735187651
178.43853435019
188.012277386212
190.51259426904
195.010582946336
184.056787277198
194.271794220339
188.817552467466
184.795412779826
183.308467753294
195.250815471364
183.69046165764
195.477469101932
188.905931664644
181.438070832008
190.748457786268
198.721248001682
182.888925016109
195.090858640442
180.043243404358
184.376343178132
182.942530871227
191.769824593699
186.790829356964
189.150210273197
199.827244595275
195.228989098283
183.753624660921
209.593916686566
182.779504050467
190.321973871131
194.772157349747
186.544103061808
186.363434282663
189.490962955079
190.875349976419
190.353126657908
189.766788985106
190.140529360088
184.550763597341
194.753129345714
194.934037742826
187.694812227516
190.006300943581
187.142289878078
186.397191711735
184.81287867515
195.993217758167
187.815608097641
185.775583586464
195.422998220098
183.251170142163
181.715721190513
184.736317051509
181.301271647484
181.869650345004
186.541085063798
182.894507534578
185.246930219242
191.271860487951
189.216072717133
191.735011722027
202.587792092376
192.372500205671
194.54940457534
186.850135981068
192.064598221658
191.889739213297
198.168702056659
191.20815599953
188.153239829328
187.471095796438
192.249771646045
187.711479533268
185.707125409369
193.071809673615
196.906220762005
193.493871726925
189.241427127751
188.465174859183
185.061717259063
196.225051270618
186.391140812593
191.989570100334
199.209629672911
183.380923779463
201.091033997939
185.760911678862
189.603636079646
189.846133100521
183.019615556523
179.14695826139
192.213311523511
190.003041045352
185.854181237952
197.103141783007
193.037882042741
194.54782885547
191.75090987017
182.909626374637
193.363548866033
185.405460532766
207.999630252974
202.615065212526
189.882275600385
189.123526805434
196.307552421059
186.923305023079
200.082143182392
196.635491949966
195.926869866678
193.336920130961
193.278904023549
192.356686087868
189.68229249174
192.390440598945
188.360337981881
183.711418280289
188.492111992856
194.011943326013
212.135901260714
185.584759401063
195.271873244064
191.13668965974
190.947502925189
192.134392672503
190.306718032039
189.013551390753
192.803462486795
179.816510842506
193.085306144556
186.821422188917
188.678525774807
195.588647112816
191.694101245204
190.265629244393
191.964195065371
192.423866894215
190.239522607348
192.068732832821
189.298390014656
202.192892712847
189.222291494314
191.652801983965
197.167260166189
181.950247613002
184.689417266856
189.28013832671
185.47082952099
194.122694465804
193.558157269087
188.400132770424
197.243031224467
180.374074109428
189.341494108893
199.298170904605
190.323403422033
192.692858859285
182.501381727882
184.521952869247
182.223359714641
182.25176827436
187.569347345127
187.776043000949
182.522382511613
192.715531141258
187.965107328902
182.090786941418
186.055182973172
196.636000459674
192.436390930898
181.627931853452
198.402703962631
188.543265338001
181.928026009961
192.249693310405
193.648167085883
188.174081263408
191.680555668511
188.432961554534
191.206486353021
189.318124627423
189.0514364036
186.763950980101
191.891121205558
182.648578624409
194.437451754654
181.566235351901
180.978522564728
192.929582568664
187.267074985506
179.792641564694
190.858582875213
186.915125249779
183.768128955406
183.374450011333
194.3304186345
187.037978512798
185.644044491217
189.924535242143
179.925934938762
191.841711763467
184.436881335393
192.896073138006
187.168021313262
183.865587217533
187.997126885653
196.374423872074
188.375281078246
185.304986754774
183.440841520164
182.730820939528
183.732107344502
182.299512102553
194.164112675529
193.245025294811
185.198246765594
190.147505829927
187.963149844843
209.346752925091
192.201594111078
178.935064640218
187.285814140125
180.661365808671
190.903635752315
190.411152437074
195.497923165727
182.967694280476
183.351335219745
196.524566930645
196.751651364618
185.823294910809
200.313935076913
188.402695850573
188.264838122952
186.422770744964
183.697186154631
182.495019086828
196.775114876191
186.011700393837
186.605203836003
205.228953732577
186.994457436538
198.457169199608
195.289632624769
193.372318812079
185.378528972205
183.936909711798
191.310530694066
193.379904629803
198.446088217405
193.122773048331
201.920026114288
185.118224138359
193.777943683903
186.657907719725
