"V1"
229.520733840812
245.799090889273
222.0247377215
220.954051608401
233.43277951325
120.898919843552
185.725305159851
376.144874337047
220.735009941094
339.542263038753
224.890214613756
189.409691051409
296.386723214506
377.459816632131
42.0302071541967
181.263247597823
188.298968933842
221.568175508234
223.342553717674
340.230723660017
326.892412811
451.236308095726
228.646541727877
149.921332195114
267.021929340756
183.964588148927
265.507616951328
183.302446533749
183.206076449749
332.965842548305
218.388389374387
229.882514237219
377.354183406671
228.878527171988
186.02725528089
232.12197053145
228.4305718207
204.709127205382
188.176911727132
117.295564888912
199.854950586041
342.526733480971
184.307775562709
181.250956852336
77.1356996590668
238.986118708123
343.245534304619
151.654186094273
194.061167820588
189.678737769823
234.273091462185
257.708413415961
184.174855904768
227.897292589141
228.258810013458
300.251985438669
262.068497034912
303.047964527125
271.159265571147
269.63878923808
147.213447698525
182.616711456586
218.022480657742
148.19858259338
194.322849170636
296.024119716295
236.31144172107
260.215556822948
386.123546232821
115.956666432279
221.690520732131
226.482008711416
336.3553681943
345.504693143742
303.445239760474
232.879033995452
223.517985161864
156.138460069022
292.303591761347
203.421886064578
156.220654600733
223.723134433777
224.496391628677
191.823542554915
228.706261889606
262.712406843423
357.905819212732
230.140405526139
464.506167065723
225.39073009072
238.308032244678
218.248767527804
301.799682815119
335.246586170084
153.63063620579
265.953880966706
145.141984780882
267.229635048097
232.120023408675
295.516397091764
109.217897016086
327.097541725124
258.735284129197
146.442418678597
189.581185580691
154.132901191107
152.644456719236
184.768397518634
308.241541619014
226.901160796511
148.734036931058
186.058499605954
229.894559358849
185.664826463283
180.721388437912
341.221821534249
335.42380054643
265.62092206898
150.285840344215
243.307494204424
227.513751489718
191.338447913831
116.11574444552
190.621967811126
143.830405961421
148.751849415971
227.489949595036
196.009502727008
258.49985869359
345.293917723297
146.49771121704
224.057328029218
269.899638177711
188.166414735065
195.118455161296
198.11835227418
306.722808538095
114.218979687646
181.298242309448
188.256039098846
232.447452026375
117.088755857073
74.3207976841074
217.974376661711
472.971621980255
111.243333912163
334.766730671638
77.5828264124301
262.860044207373
221.374937005904
153.602535680162
336.024359298055
156.016813026007
307.219847375527
223.242618464424
185.894050018919
183.326711623671
261.276538376464
224.500887663894
304.799942619947
149.824707381853
188.762888310952
187.143284088406
174.368074970212
232.545519860654
224.403865951067
339.70709528497
111.010146123249
340.838339202879
301.527172313659
303.535818939334
374.34030268155
113.776508535788
220.085762551576
42.0423055679632
196.035962837206
226.27207342217
262.01326274753
343.457266796285
233.212838766285
191.916341415817
74.5204608552238
217.08138312716
114.387891995866
226.815454478741
199.09756988163
108.099355649654
340.085579559119
229.464105133374
294.66965830489
223.812752186021
277.865520890779
220.829988336185
257.138524990669
266.063556649836
382.126973259025
224.542232705582
182.786991810866
182.925916862257
289.399643441778
77.5765130672651
265.808027870681
226.376323447778
296.007217245754
196.670743994456
153.914952045971
229.893931013606
219.174321121786
78.3918104050978
189.92532019956
219.024246704194
219.391057440006
158.466228111605
230.69678950726
107.199047185882
158.858804948928
379.770198207612
185.887191279633
254.122775174164
117.137743739828
240.944906816254
337.457694052229
319.251657085464
264.516324136718
263.239657122515
154.049878969678
232.669394614508
260.31387822948
156.108179259514
292.439615797427
188.794957433273
146.591459372889
155.728052013111
150.820268785298
185.146591996374
307.870151314022
186.306314024293
219.90405998039
80.0444759781687
262.358591087686
298.744468138069
371.299572774932
196.967882755511
193.185321683321
166.390560553272
420.065459918294
264.849314971116
155.429837182429
150.328160788769
229.93044333182
235.604083319549
291.3856232734
346.871390174685
352.783355857471
221.446525847289
235.338935610136
336.411910328302
229.751041165203
151.448792465483
383.917630363146
311.151748852744
230.694895248611
267.271271636645
190.827054603402
191.058781159921
280.994198522909
197.183289418403
122.807295883899
266.908427221216
191.97316501448
227.66183419878
181.846503201119
228.689890256424
152.237053438104
186.148822922152
217.970552542955
76.0668978729348
271.950814893634
157.60409121586
185.368086108036
227.719057105956
238.711281325094
322.885072368289
182.174966135481
334.874219995493
185.424841810284
303.074496983998
339.531300573145
192.857290901931
231.018583049096
373.064255699484
186.234143126542
337.249903169534
387.754032201807
222.499774621939
281.576367505685
293.546816809951
150.862321771489
260.706950217659
183.249107272885
309.232299902714
229.232048313602
270.139866368861
187.046904770625
301.368979980861
221.995301857273
302.733342240942
116.265029092202
183.642059008046
298.792570438083
124.076682235709
262.793151196312
221.495945423982
163.888851531003
190.148350063366
262.739375420881
184.958274778805
108.54488466605
277.062603129661
232.578651416129
343.572615900327
145.581579477979
224.180098108779
417.719128117863
221.284381506096
231.267922778805
304.755842081132
225.591146452636
120.620764390809
182.643181324815
340.403426401552
155.13257122204
344.225087433732
148.09711299416
152.297753823922
156.189569696743
225.724669075105
322.90335807713
240.336218031097
195.616883012015
183.51511291413
261.338805775968
192.88939034293
183.276281702261
220.898998569815
224.039056309313
77.7781524686825
270.746049963027
296.977969437751
294.701644871015
148.033921309387
242.717720414887
383.24541604429
186.368839038715
310.662332669826
150.9836635095
224.980296302197
147.848091954738
295.710207288622
221.477712388592
308.943696579512
81.148854981897
226.448047603195
213.934050293248
238.889251177936
221.775187603041
341.282481381569
188.179858711972
147.389749145942
150.120311857737
203.809671005093
155.679203244556
345.908595637801
188.539278177601
293.505353183245
191.199743547523
257.965674513445
307.086536442046
115.014850947866
150.404120899262
149.596085324064
404.801048357371
193.452649893437
308.184553461014
115.658048069754
155.082436035058
352.841134547295
221.548674170076
114.386579192797
116.995307865163
256.921473002948
228.772030566336
115.361301912675
327.942678466657
259.750332887472
233.231976988244
116.472025608614
199.122126332988
154.427725276059
229.24728375318
329.781034304849
230.01439304755
237.675854231095
303.573093762155
303.179948087794
244.043722369284
261.188350939497
221.148652779421
189.49196643369
192.73828350814
194.792287955633
220.079187974454
185.378477580324
256.505696878431
308.731813700386
164.951864105048
230.878740430111
364.398005559335
297.900752591301
263.546227208865
263.236440391552
293.934768654947
157.326962470529
230.361876980765
256.51029199375
259.934909932059
227.043648400664
229.379065292921
182.409267721424
118.14013908945
157.553920099055
186.203018416452
41.4966674017073
294.123809893954
221.573059541801
187.221497847371
201.101408455024
182.299766538966
234.837615046858
296.68826174889
265.428804614163
219.221431866407
123.24141161752
159.034727898915
411.628669882204
154.46666813912
316.375367830837
305.518336946737
244.768192382994
296.753186319773
223.131701529139
225.975298387989
273.768483224696
196.863401814079
226.142007793008
344.319804041857
375.841267887459
269.534419787244
153.492299367445
268.592483273289
110.976082358338
189.175195412161
263.608590528133
155.060748110799
345.448115587029
262.086668553041
226.314122750241
127.162511697039
188.122240608224
332.369023627288
255.739804904795
221.829052570505
339.609307633778
152.482680641087
151.557187105971
196.070074631596
157.384515940863
315.480245941911
86.6689841553029
275.440509613361
166.860564613776
264.511719651721
255.797451725066
120.436214306296
257.181742350803
282.784761591779
151.31755025341
344.989278331432
189.051762744117
187.722907560278
315.63290564823
202.060463684263
265.625638732509
361.911453208813
197.658481657182
191.658876034189
299.072152382408
379.956480372032
148.837753976486
351.524629363342
196.394846814656
228.545298721604
343.42326507346
341.287323793056
150.770866971428
263.570822929242
112.827269007889
256.481962461308
377.896529810271
271.874879326445
194.868589443315
223.563308471132
157.607489603049
306.559300506284
207.684523133154
193.343553820914
369.563602730538
270.769713760691
185.994500434112
348.216976873532
303.643101494918
348.845872563758
221.798237523862
290.163672793533
120.356457239202
222.022714303637
197.769231942347
419.89118207992
114.223913023696
289.939919438392
183.123134670055
226.156627079657
230.014785471478
188.933325084789
157.829111711182
271.808407154308
225.73385918852
268.669540021527
401.499697274952
280.243361788251
198.992542442208
264.786252017898
255.819536976031
77.1650680139254
340.836822145541
223.308964020189
148.632052964098
235.221711939635
259.64153658485
147.282861931436
157.504279661897
222.344692604208
115.162041546224
266.681836795672
222.198470984892
229.155181468873
231.767462094035
341.328476950824
230.041148773791
267.989765973986
151.08161388031
185.909145231738
299.496005415968
152.309393730691
258.314689236165
255.503898054664
191.292451684577
191.532679660738
247.228458384751
270.123235719311
184.1616146009
268.290440239567
300.848683436115
121.026492040611
223.567378092458
197.660721445431
227.698794052567
119.046928050997
488.287940299114
194.278039064319
199.08831722967
273.602306136951
189.11100286444
276.035125788087
313.544775197332
150.868788313701
41.5467465281787
230.650735658544
155.170221320427
223.514921805135
258.452765448855
148.67366894498
231.771596895898
379.014850762135
195.085910975473
256.986801136549
262.109701544455
201.180330584288
267.635178756061
311.173060245482
124.574784739824
218.474660232401
148.841754965398
377.6375045939
307.137274904727
215.978542963228
277.745756122414
266.527000911066
112.244294620837
337.28353413814
145.756202149694
352.779690787722
286.845404905738
369.068797128477
319.019308313424
185.112319593416
230.655660998259
373.358466811371
223.712311018763
263.924235295484
255.898768453631
186.006310863437
186.43089333236
189.352195236191
190.578461660085
333.526461738355
42.2741046223633
258.126837448185
224.491547674328
307.089448897268
307.695551636061
253.629814875881
219.118261562941
220.703720644705
358.533969232835
375.046566568135
256.105674147707
228.26462249481
218.77830712106
182.33518725617
179.811053933076
266.716860956624
303.64569232719
223.375576972923
119.858487083834
236.025696488907
256.185720855026
235.229442529089
189.877866501299
229.383960155476
197.857341882194
218.350389481145
232.501201194151
307.048027792334
263.285813192377
408.125068121558
262.40645259235
233.174291160043
373.668894935605
117.401809340713
193.812833027962
187.023081944242
260.252671940611
240.124878032444
306.451605054341
150.288183278611
153.145627765815
185.650072303281
338.024326508826
116.595219673558
427.81931635205
309.47091804536
186.998722324191
258.580181700524
377.492550538706
79.3668154599537
263.827519813935
269.306427067092
112.88332248078
191.447648770039
227.740671175158
343.021014387217
232.484152095839
327.361280215716
370.681254258555
156.596887712224
115.857339992981
114.103061498765
384.160105666252
150.224274575595
289.215029178848
160.248840075809
266.38195635407
337.695130449453
265.225663553174
228.828717945039
295.094478176594
151.358294050229
188.776511792396
366.821643134812
109.199967748926
159.416402727488
254.749393860372
257.756076815459
157.699195276036
188.691124070224
421.504946403977
289.366357888429
230.838024598374
118.19928374518
117.160391428303
259.332338297722
228.333188888615
178.830640945362
219.226182589588
165.750894028206
151.677022053078
266.03135533766
156.540361389084
150.070266473425
157.115086217223
148.598270732741
216.315360050665
301.625545770655
187.238679937808
452.579724334386
192.114952466974
231.782899184542
225.073050675966
196.438104864532
185.826689024128
110.732860561183
297.551492904073
262.565362073142
124.997668926542
298.687407035302
272.978216771625
189.146948913297
264.908644210136
193.392162497043
254.105845356216
304.284352070477
154.493125000109
263.578418796479
224.909681255035
299.692982423182
233.358686844915
422.663751914618
287.709474211497
152.793497411539
221.267802771136
259.204254050044
188.734971550359
228.121594366904
224.787368362833
261.769832313127
154.624390303966
396.122268101737
262.401759763166
152.701654279627
439.498884507337
184.817406857757
119.150821977782
276.297319539153
275.383494246582
263.982124306138
228.902953105934
330.126767636308
116.620920862904
283.937748644255
149.458158364923
264.429878561645
148.915664086907
256.384759095286
168.937847915057
296.509884994267
113.694444179939
306.591318462097
345.437414427826
224.70243341251
255.146435358002
264.044711829859
300.093691913578
267.837588681921
258.618539977145
393.996797984649
376.378973353591
154.786171835358
183.329841247147
266.16421784255
295.888477965545
188.400542163268
158.106254927087
154.698257773726
258.448745318182
152.273253441283
222.903632193457
115.794766424386
78.2387760855115
266.393206996386
297.095213095787
263.740218296183
150.592972026427
335.887501671984
113.169361964941
346.884176718981
336.918408279831
222.932188487225
226.240200642358
260.872575495451
272.425571799984
338.462754979518
348.549838494358
115.503351898729
183.939916035921
79.9514092413489
222.826936206624
270.495376589559
264.785577652571
117.855185013427
225.798767942482
147.485806085576
158.034960903277
111.454611363528
256.852539706829
300.831063914733
229.806808842794
265.782305357769
192.953012865217
188.628514329823
398.065157102583
268.611778555889
195.342864914912
184.913354471551
185.856389412479
259.64858861668
228.203227153961
268.015203581653
268.428482765157
303.88655043112
298.572005713689
227.359577979469
267.474707022534
190.368932262748
192.367193147385
198.375402455424
157.184546655033
303.132289998664
291.453426866258
275.919344122178
145.231329531579
189.046490425528
155.220570832744
116.29756823854
332.589256149118
221.950399209618
144.893522987538
159.795975750817
148.812723458355
238.979648847173
111.68547245137
300.106610893768
260.121661503518
272.43919052469
275.489013746034
284.8712126427
119.238132911902
299.8341832708
263.820865679315
187.630488546654
334.934329172224
301.415511628879
299.64767147773
297.71499176964
273.359330555579
227.141243933485
269.911655652957
302.080322824651
373.921425475219
158.984451237843
307.136669377228
153.409456244464
223.451726331412
290.966071420055
222.009989963104
299.107121058726
473.291882870104
76.639450361125
223.910199073387
162.134331286564
148.150455727716
119.887549621858
260.342961440075
189.491595988147
160.846437554645
335.110301212066
160.198185263541
221.153079763945
259.411791599997
199.818563408937
125.973969426321
79.6732092048929
148.3506487792
238.211520597828
337.384552924127
187.325095946506
226.842942180762
241.789169521953
150.704058193526
226.707748298093
152.072995038672
267.330543185773
238.852179609563
293.277063271738
224.117619389073
257.31621627539
229.046362598319
330.491584941123
152.150018432925
327.320183797392
153.516313494449
269.409587992064
114.027102303282
262.379213941047
305.261910911531
183.89507436605
347.304597776833
166.329471621056
254.725540093493
184.992426387647
281.293696785269
383.151307692446
352.213393904115
218.100588318121
458.735376875462
150.254394621795
188.69675097975
119.425515963772
157.842021511818
121.992278662129
120.661761292401
257.780849931835
278.126079385629
115.261918411531
257.931412546871
222.918814330173
225.532212305745
267.672554039338
264.007057879751
148.28062158527
192.076877466111
301.672800465827
147.667302556434
188.110131855039
325.723978904571
292.104198543335
155.866737177573
347.968440875707
41.8406185243579
190.995333628117
153.453848563915
192.115235790733
330.032151855186
262.664307061878
154.772056623654
150.909609717792
305.382190132594
115.825379248787
184.770734862109
115.081776359183
224.508033673758
228.582531150308
153.297276099555
514.771889405322
164.078435453257
256.550373923412
274.423710294971
308.011468417556
268.948947576725
291.998404122414
263.233964556257
151.375355176761
344.493064167084
220.087466759488
221.491141269953
411.233700046502
113.734733723368
190.381516738778
160.395336892938
340.562788745764
227.687492421794
310.545489086314
329.617464589605
271.123657027861
305.141530466799
330.113790448369
223.211904307359
225.240908812789
298.790304040722
184.746768197946
268.331544861139
118.991172202147
267.586991307084
297.673665340667
269.149946786697
117.111415431282
232.936508410477
120.721188913567
272.72025895685
195.321115105857
335.865616201741
305.483231604812
376.739045870435
77.1526373444081
79.958034724697
259.574577853604
263.049579444865
257.09753314085
153.923965304429
263.931223485267
148.716143163948
253.630555728399
226.249419789161
296.529391481847
190.222164624042
264.364324019073
225.666539445629
298.798820588241
79.5932839614744
150.315098041608
327.940475812671
317.36584227095
220.294623398647
189.513916038772
88.3980665708627
349.535991610722
330.634875413985
335.531188466318
189.623131277893
221.517902229577
264.944193806213
298.564338263967
159.423847558043
440.337327853074
344.836926576987
232.11770184726
152.450965619446
195.063504203718
161.318772436265
216.167589865562
222.726296685144
190.621009111835
267.271096797558
215.452598666561
197.212938218318
366.671803822617
256.183332396023
147.475959506525
117.270627263768
150.88392831534
268.361163466285
219.555488838082
156.113441788168
304.763388569544
190.44562686083
324.316138805758
153.212259951942
332.671890723946
296.730878921619
195.656172038637
369.165463383263
253.389564391141
187.275626084221
154.022168218425
159.746068831943
157.133685051009
282.763547891431
226.038068718814
148.422274319369
342.892270193882
256.864748099789
370.700127843151
336.30318726923
232.413573608604
118.926088725191
159.61632896282
336.962040868859
260.137199431746
115.034876085769
269.380942258294
370.720626056803
223.297778259697
306.561630926582
158.256448831934
297.371741305125
111.820698219053
225.047120514798
179.421261422359
193.60994176099
227.895374370442
112.079469019307
152.989701617667
184.826032546187
344.811467311051
148.801546252966
261.319636859353
229.456769588641
78.3917460699044
193.073327685802
270.897024799606
181.116776531517
232.957191038971
222.453307383606
271.939727086218
234.509251578875
197.249383996888
367.936690741433
153.478277860816
336.962205093033
NA
376.781252012125
266.033151747711
203.117835919951
118.22086089392
156.044851860326
309.605432316549
202.001855684692
286.667030085849
154.740686895039
298.923549779488
235.75925278409
287.432922258334
231.597085416076
188.802405066372
149.719134606695
221.688833032428
305.735092210255
257.72160878932
219.263933725758
255.493669424999
190.717935610739
229.138993532858
303.43485018117
185.05655632755
257.021001500507
229.926449511132
264.941532493613
118.739950139699
231.437515475924
310.880578494877
155.850994293476
74.9645281987014
190.70638023439
219.103086705067
311.456954542234
114.985360031491
300.842010637584
418.471117179161
257.590239438004
194.21456442777
264.900662870031
192.337933712908
191.250370389675
117.102101667966
268.514787976256
191.559834131076
120.701880601269
304.874222772924
305.472704447242
229.863640372198
226.9991940827
392.006890604136
281.842107666274
382.984133357815
279.932088691758
277.067668103366
225.164668266887
262.005154730587
253.859309128439
154.711125135337
260.368107845956
155.356701310032
235.642766525676
223.2823826848
190.202662698382
186.985899254434
223.690461646319
191.042184162514
230.029713118004
226.601079445094
159.339334013997
271.649693920432
287.61381044013
144.915848449919
228.344004533508
273.252030636418
153.094480446866
189.784025374785
152.696065891797
190.498119505491
334.170691177947
253.69181219511
264.954134577267
236.353224051692
262.649959214949
306.990541371072
305.919969785058
299.526416198558
229.360100727048
311.808583526235
153.731964895074
256.491000258709
193.471595571625
236.276187155564
194.568074720455
265.17801821533
227.149507700628
222.828039147594
276.122043924093
221.369931478335
186.951307535569
259.833129927286
264.279091595747
149.585329224965
270.012020647521
229.935156384331
267.063940865857
147.33012054477
312.10053801627
192.025892709435
110.641553380901
181.110871933224
240.171293415056
182.309406611104
234.786032261298
151.164628885675
77.9874216331231
199.657136834806
252.456432619335
264.043784167112
222.858451033683
338.323702571249
215.538509961742
239.444553679306
81.931240107536
333.544825621596
152.057300381192
186.191401577574
146.162303508528
221.6863883773
290.948417244162
245.062402031603
151.475664954022
352.017425585536
147.820045242588
233.341253877654
223.942639628603
230.354102954406
228.947539100133
258.550932173423
278.53556919205
269.954254741085
198.39944409361
232.054083538534
80.4872067897193
231.882678291642
301.106604038723
222.252556492567
298.045114614119
271.174462615455
152.057703458973
158.842374195116
152.516692928432
184.444624153065
264.863399934298
371.524959602435
330.020054473236
297.052529358742
220.433436422596
257.351847957701
77.437675582113
231.511204842414
263.971847688851
152.217066686194
271.106607990511
331.591083897876
227.01092412616
333.505306325126
119.681962747262
220.364345868133
269.915183074843
268.459238304484
225.344884347062
80.5882897060599
365.751066627565
227.324661894791
332.578587605468
152.856702316298
230.419557355125
223.811906614306
188.912055169202
340.027591227128
158.177131261037
77.0680375393236
194.886720035022
229.82695880033
341.280349671139
184.85694223353
389.947951795442
232.430631716096
180.647914693152
151.032714240706
242.401906505904
263.152117678553
225.024044251232
186.766678933867
238.733773522774
149.828123385922
345.514411287643
183.817882940978
187.322886172868
219.974991401895
238.057552220388
191.885038334476
258.267709346072
267.829823407212
231.445185451818
113.179719775168
256.740184387878
269.300215220892
257.370054027527
261.740025290591
189.311385071032
184.430995214005
185.230443823085
153.076666103327
231.303671232157
261.922827840254
162.158269426252
197.564091102701
269.966690623221
83.4379659148827
188.369646839734
115.45546264257
222.918507574149
80.3605253543328
189.048979414864
335.009309993875
224.675714395678
332.550947800483
149.882184313694
192.683105483592
375.065005203024
194.062648690359
147.619301473016
296.516209862845
235.45043552974
244.601372371165
81.4889309291762
159.763047634645
149.614473170139
374.593001598317
370.986640486856
288.949832791001
149.029900773351
265.092245226708
263.520137457644
267.986704056473
198.204837771742
150.182741779377
114.367546467105
154.264539593706
237.79109500336
234.368186143485
301.126475162305
232.137468343927
345.237450160482
157.385989646048
191.282297327461
233.033769981091
148.926636213406
231.681922158374
251.288884817147
156.6994612457
422.326967588366
187.79561289844
224.288027430816
115.563267636031
226.471779948946
290.900443105164
205.463923156846
194.82641003345
296.449332937112
163.929133262178
347.283595811961
264.099609041063
306.666537712781
194.172951241466
256.469239893034
232.45818468504
206.180803682502
189.189329279249
185.965491264904
77.3371385006069
271.969020093347
269.786157648957
263.821078013245
335.53991420406
266.59548628809
298.990202421853
300.285081748028
265.303248578188
272.970393492212
149.616641944171
257.076823360138
225.406086035913
226.619930375758
329.961688408808
186.994375976163
227.106099255632
223.070972358604
198.480365632321
302.368967549605
246.124470954084
252.412178213509
218.638121480476
309.173180838648
334.426669168656
294.355176784891
264.358850322098
76.3231000509694
193.865174009266
153.764905490031
266.589372159313
224.75967336282
275.76265550992
42.8380184366012
155.067647999342
229.972152738167
197.431112847965
263.149431798753
416.218933621112
183.479954651373
356.007332310182
187.89925610317
76.4631465996772
260.824164173527
261.806310284381
147.693533167658
257.664162394818
194.711317447205
310.479212266431
300.6162579475
197.180591425317
193.836629614956
41.8393205455685
225.458569717408
196.299163937593
182.848895340583
164.5357565707
185.754301508752
305.545771087655
273.063956936579
302.524303973924
148.023378018125
199.753996565982
224.773149872811
263.536265746297
330.419216504842
190.288022041009
79.3207599382669
187.352910201581
188.389519764204
113.928856829909
298.23127488879
114.252675294775
112.749212515993
111.446561621686
389.22806691842
220.017304433396
157.006106461811
373.707382660638
151.473620855323
186.429560846931
230.18471526683
302.806139351392
223.657882248707
284.542410317874
183.231955432779
190.759120248873
222.309526910557
182.455789109391
229.846776845953
109.241549612606
379.913528701786
369.810817158304
222.089795456487
296.491134944519
185.99380486373
189.604030805204
76.678649981989
232.619568825406
163.63516509607
235.968702736065
147.814015201261
234.339379808361
271.977346066249
112.47866463809
241.473911144738
269.568626504375
344.065972259645
334.446127546493
236.088536011762
224.2767564632
112.056912843574
158.640622860835
116.150904367657
157.337521160598
188.357947218395
194.085868446961
484.233457192123
224.393491126853
126.766010141685
119.37512169902
196.294340437196
330.665642859099
265.212601945231
152.195837617911
146.586217353855
127.083973353906
296.735864160102
185.318281532798
113.254557899269
160.187018450914
224.701880135946
230.851821020618
114.559668397956
228.815216674685
158.443177386569
188.036562513119
225.708042462501
233.637858521053
186.068903864514
494.586795590795
297.283979392107
227.698599776427
189.734920444722
197.977768128042
186.636650902087
229.330031250033
353.657935710948
222.758903826983
234.78586057818
195.244693625837
191.827880805848
186.844091286798
228.501010495151
267.933684245086
189.931304112586
156.854273564923
308.897087042506
191.837913574408
262.174499352991
185.079861911049
311.240451424215
262.072730985518
290.855793855657
227.249815460576
183.935423470673
203.562080121266
118.764382560956
181.45292993738
153.000101723507
293.178791879276
192.185755272149
115.571386159122
269.911683928587
117.345871902975
149.805200501568
196.777495971477
229.321500813558
78.3651733485739
332.162320526239
220.003733028321
192.076175809429
329.235153523536
180.237817164512
265.226610847538
227.992644712355
157.145322746777
256.363598512415
231.381473595831
226.925986940289
299.419929008916
293.997078285018
182.501570033693
358.096191809174
149.105510174116
208.197566714091
257.071911711396
221.474609791375
119.612908341506
346.799983966933
389.800097250393
233.394844434886
299.470174809185
296.852607275732
223.456746386971
291.384177749431
296.426597398284
190.41902456259
347.585427546877
266.868605310509
196.737739775782
178.046261863581
187.51658330647
187.730927810553
253.269075685965
153.400410536442
300.110417583895
272.765258971939
113.966524185095
189.874155850787
342.406662215856
154.146657307473
147.397468629113
263.344369110889
184.643402935627
151.069220500052
238.239740596752
225.915047042042
228.340707760959
120.028947913241
308.570973538314
222.213308922469
153.427091663918
155.119009173401
115.594984468353
155.395561090157
251.694042331284
227.590304171076
111.391734101395
267.52707994117
253.162795875506
184.645149130947
153.523003320643
267.36610644204
237.339790613152
230.512525975023
185.122213012473
231.833707419373
197.916973273241
206.557117314581
297.389904382872
332.702915387702
326.106874217613
259.906111567812
265.829265118001
154.822059833887
190.279413011442
256.072542688707
229.163577243298
228.123550759879
150.053330531806
232.140477192424
190.221363191066
221.510262262139
154.625403750262
268.400304021364
224.994482297065
269.497682283743
193.633572657351
156.479187812075
113.134997500393
147.935115752016
146.589713767857
296.719546782771
78.0411304092823
239.322570931728
190.022014059081
162.826625912134
219.418267503669
280.857736908703
153.617102708464
114.465558986323
42.333643538173
191.563961006323
340.012284593254
298.468514184715
262.517652995365
191.494364002103
225.650484037979
220.517621383561
239.289933893786
196.706020143421
150.940268885585
153.102663923506
197.306851894133
381.306899491013
112.196508694956
354.805089150769
226.268904131353
311.049396901727
160.342090830794
301.102099923913
293.943250388809
232.350315587805
146.910756727306
328.016085798364
457.67239916588
112.390372537118
381.920301957521
155.015520325186
196.918639705325
261.203177713162
193.571703144486
269.08977745346
251.071121616652
191.636865284025
227.372261091604
237.199987226246
218.742189987157
263.414076445878
312.583967137204
167.901124094434
189.487413145463
347.30221353243
112.705221583876
258.59952576834
262.022310942925
226.614044317516
421.362709238365
257.758182233777
115.173453617151
328.069589818005
348.419340652756
155.886386771723
148.365472946548
149.608273871964
234.394527373318
184.219292756681
338.223658716238
156.646769195096
124.528836778029
76.317194501613
155.594147428908
261.628553580272
336.020640498453
305.156343013069
260.359030306593
298.319544418154
155.201451497499
114.27186461498
260.665734716627
112.868698582712
236.74220117311
236.329246286064
152.846964372775
188.240596120596
NA
113.827779679867
225.777355588014
232.097017546345
263.029644530798
296.581489485211
344.918688474807
300.101112389175
220.665701379658
177.277318302036
218.591934882931
298.379662518418
334.404723530495
154.789842915077
223.437362342749
261.813797998542
113.427951937598
116.246103670474
418.698495713676
267.942391533
117.743407369918
295.421962011959
306.745739523296
233.365219448851
41.5124336837972
268.764449564574
200.057350174719
114.88593605759
224.49771012938
239.474886168275
185.684080467278
183.739857653354
231.031809324629
232.463749388011
259.621676201018
271.670391739258
379.852736199939
308.971195455562
233.472374544877
186.162512233964
272.666873273314
221.082448928823
193.888842700647
324.208183168842
341.093932469511
231.447563714597
186.638746655799
260.544563124023
303.248761595923
223.957709247002
191.937235190011
121.314284108306
301.748318823586
267.131032220574
148.045075628519
294.743224460885
145.38685350476
155.632236451065
228.315551386198
293.811794088791
257.023687490277
264.88050225666
227.780798205957
166.656261190262
231.016616868673
153.298617301316
84.6597636362604
294.087641333056
330.924998427037
117.650147876816
230.004263006617
187.01494654669
116.101788338959
152.720588305189
185.486264638131
157.979103862964
375.596453327723
277.208036174377
81.2013432768066
233.483812103259
255.628606204062
438.888424563275
271.804219062615
125.354772099483
298.164212837851
148.986618139557
151.817242759155
302.74168717275
237.3352422053
337.274419677398
186.954014112955
155.901688652804
295.705280049815
115.029641202865
291.897870088632
322.30875071133
185.255420067067
273.013043202274
156.199444226212
294.988964931606
158.549839754058
333.138134838131
263.394521328339
304.676317846795
307.25338101935
291.711155884023
267.166420526309
221.911079935644
300.779627247842
267.569976714505
223.567400217254
229.068285332798
231.183305604732
117.251608840253
220.842043260896
201.253742268708
238.228361112975
304.93922311981
116.606684162432
237.389414374656
300.66968825649
153.158290231707
307.697486808859
75.8345055298493
116.579158423286
116.09319147104
226.137543607358
231.252387886945
306.271487663163
113.577300693499
199.427418632396
364.029216532138
332.215316657461
258.562854422008
151.14182871357
238.692513343031
184.599196552962
189.636698202583
151.414020868599
371.490576999299
192.181939326177
221.678574206866
252.139871619589
261.37504611651
191.943637164793
221.513925878976
189.805663762476
146.084852061832
116.694046761007
187.281511386159
222.057309487393
231.647143940454
263.330324139689
149.126763364151
80.2344336173821
304.122362190031
277.058019564845
252.201158710383
330.76691498155
160.096307219273
263.490491858448
227.399261008873
304.641241038177
164.406489562237
201.657208366311
301.508002292165
188.321721588322
154.527062672828
151.515082432076
258.986377388966
193.775877590931
267.728146786887
198.407065621047
147.218858619854
269.029453999654
238.454518759741
231.136868732532
189.105478602659
377.544787510548
263.634409543385
112.168156174861
256.395119571613
75.3487249249036
310.626500587554
117.232908287989
304.431190559549
302.339028386481
379.007457005436
344.820633787549
112.507450274979
191.260825779577
313.825781723024
153.492905546605
157.083126611591
185.978779682391
328.456982960082
260.777020524295
303.362526164136
231.844257942367
307.187011043862
120.487953536838
112.634035136564
153.164383396924
155.743001518411
196.624289278952
192.896350654843
154.457736420056
349.309367784176
114.11981518955
337.36018274581
224.86673039045
280.403958339264
183.49318394715
309.347393726495
252.108599374985
268.843392561505
374.01289291581
233.771627475356
261.961292938083
148.863122009344
224.004260235795
373.802456893765
110.969305674931
195.138766685183
388.287929561606
265.588441635443
236.410291876197
191.801589566581
312.679943896122
281.668472194244
188.626285807338
260.850612237228
41.6440106658538
228.408687546824
184.098726013032
231.735925151496
301.500330085267
239.16454895879
156.972540763716
250.494711381325
320.658661565672
