"V1"
203.267203478219
270.217144071009
277.945048908624
195.946918687133
245.558815587575
120.526981263331
305.519375430011
231.908589170078
158.012982470098
400.87200037064
196.949277903474
236.9719828822
155.439821037094
237.041952473872
316.489523260432
209.455233146125
276.790189779065
276.670252616434
155.824551905747
193.826070328105
193.985828782955
308.570162215687
194.48099643663
156.642275457363
276.086013414307
161.40179405644
314.804858934106
313.457756634302
310.705091419997
161.681557870593
157.117119429849
198.593465594854
231.01131931468
229.293333745144
354.275960350832
163.966529980494
273.317473126179
123.978680842243
236.969523037593
237.744984813658
196.013304935128
196.742830748262
389.791240165553
204.620856321462
155.071138480097
156.812585568866
232.644870301712
127.161702443755
355.978503178284
121.203309674082
198.274998453336
193.211229782873
275.462279387917
236.657577888161
244.817375569341
157.259669301054
240.186419245906
358.120479579182
156.971310627139
199.223485948384
360.481355063297
78.3306647628522
123.693059422566
274.943836713965
238.206946241286
79.1157964005125
156.626472129738
239.888962638749
277.264586959581
282.864988170122
155.829174691728
313.473664766881
194.559267357361
319.173020109382
234.383394035055
128.170084732272
233.301899251885
116.745895120463
275.984344396409
159.687701229188
308.725110792641
196.939604743393
235.479056980004
319.48904526627
155.09636658819
234.489117281149
269.774901047684
195.083773343573
194.508711851683
357.799649176402
326.210827499823
313.619171956813
280.919109138117
195.91891798695
346.148425664598
313.006516954838
246.03140474081
197.585220020368
273.905857448658
350.07325076255
238.920582059504
279.08485109149
194.652699948132
119.046824987554
278.424876076434
281.198116330885
243.810678230986
395.997642980464
269.829625214572
275.82364120752
245.479529198014
290.817227511663
151.969159436709
236.112352403114
270.693871926118
117.505261234633
307.374725106443
118.237165898381
202.104951677307
309.306711020515
81.5043938112048
270.873270871481
437.611785513881
234.658464820564
41.4054452179214
271.205406530949
228.596854828069
278.716751809203
158.4205826665
242.104498119387
204.690248345209
275.73666226545
276.516178198599
270.053085833376
272.846841312054
229.846391350386
156.989930299578
252.826044971025
325.840788357845
156.421905296596
121.478524240749
467.548740445161
362.113904832096
306.845796190775
346.147154602454
160.762293859742
195.167185852982
384.142537450299
231.118103086361
159.956307472455
313.399639122366
271.706319596922
154.560563648754
80.6588823608823
272.888499399316
263.651473142
239.84991397982
233.012131950859
273.531839479865
284.855700346408
351.212514978574
201.72893588463
194.583003939597
237.004756019513
245.370375120954
276.971746250322
206.007519522359
200.560491329935
230.201633797316
355.109881967199
318.762632587633
79.5223391927327
155.714439666401
305.13749770164
363.821805295919
199.914952072376
273.836561675093
158.9518352799
326.953127180123
235.585439568776
356.980500941942
269.682981245983
307.295356328457
348.196720999053
266.491392772957
309.552683273441
198.073186783668
189.937913239466
273.688054004136
239.160475964988
312.150343346225
386.355790577746
385.437183460931
194.847139476653
359.948620594878
192.707009741739
280.582518427586
314.631690724107
235.400966965832
165.467162916607
192.627924286052
154.784265017689
268.77861405793
312.623387732671
349.412807978385
270.91426909603
313.470565602061
320.802387565785
155.794379925388
151.891700118335
401.16512156196
117.07402264815
283.577307224215
193.860769714422
307.974924878963
240.743152425109
233.20291290408
447.118836456567
156.678023491603
231.224294462966
347.371012907316
198.185887481209
268.020417334216
317.585625732294
348.670997588398
116.625295275947
246.900810688422
158.195783919744
199.557753150897
191.534209018834
233.05977677834
123.733938494028
195.852627293784
309.155266510051
390.941628600483
306.98578952425
155.267374145025
119.194584146082
153.086242582605
192.945262524033
387.797587908798
283.408376240194
302.883297178445
232.269620479886
80.1279008343281
119.926231466415
234.744339419815
357.535573964527
229.508646123506
197.887542267016
392.612002648696
320.173445589227
307.865114073563
212.375398912857
79.7297965126292
83.5623171961948
345.399303033719
194.724340286051
233.359629303238
281.748462416246
232.952053002449
315.671652217561
156.779591880159
191.839321801928
199.151942316814
278.170684315136
159.901706871144
39.0805329230018
156.381430886465
359.695469381524
119.268983525939
348.366622216538
79.1707056578452
202.942840817411
246.341459684187
198.627273724299
241.150244076523
233.031652327311
278.592250732413
311.520346407292
239.055696979579
40.4142030235753
309.565133154095
274.789639651993
275.077893976606
80.0182038960061
160.051205060697
119.339063692445
81.5804278323699
192.5326698717
191.252836704078
195.365215902293
350.189019544804
200.311259291084
242.97934172426
128.345357522989
117.969274657725
119.034687137853
273.924890255664
197.259592676694
311.281595738966
275.719473329659
239.256503467883
345.399132442085
238.931125997659
243.687896877051
233.058312535531
231.368046388648
116.985941302954
283.323984832815
348.157739076078
118.535524860986
274.124727262529
120.674653188687
278.210063302687
156.520850225211
236.242899078645
277.739005236366
118.109389004363
314.131905359186
162.694534553105
193.217446597243
165.128970194625
429.373242817558
282.027238669683
320.115725446609
423.521669551122
244.263036302004
268.8951641021
236.798679407371
190.792507713573
240.406469541799
239.950554279227
195.621216551457
309.071637411772
354.752963133748
347.451822318247
305.936347663462
230.519783105044
272.512068936617
270.12701507798
166.007466254597
227.910725161442
236.319827742121
156.701480168266
116.897674095036
235.895817867402
267.242871907585
275.576279102917
264.040740660691
160.370045427169
354.033175973504
268.381366249775
194.483906089377
308.733325396118
232.725857208249
264.693409795743
161.323604278928
229.889466521026
258.212568252071
310.072779773903
271.174346639628
162.075796863913
309.450957929981
123.19211420587
116.508196846169
392.567611431861
159.284826828075
235.005928169704
392.423167057458
118.813264441098
230.983544570598
370.526320637373
235.420841276394
193.752068751887
266.462564869023
231.201988742204
197.463951834864
276.27689334148
153.836372840611
271.510936342625
272.997506837435
346.302207166608
193.627803915482
193.118851717438
232.849309071052
273.204243837108
348.873957529326
233.678928629936
115.10316071993
341.876336675645
267.619776122274
162.315576893524
117.684410650153
356.16301560839
202.612676517248
234.62622628703
117.322607930332
272.017887332346
118.394828990489
268.61612469951
313.048608598507
154.018180681115
152.77498259307
159.050202824011
158.226649219076
189.452315890055
155.637352882278
199.81849178574
242.126389649974
229.234830620302
78.7805348931353
501.896368845593
312.090439885566
122.184441757493
304.371919690376
236.190304799474
311.22360216316
157.345576065321
359.146722724756
117.312773719123
421.724964874416
273.944492222243
238.098345035786
193.950393884567
228.970112868964
280.267699908023
82.5554981844243
395.204020329358
203.369496456431
239.404405057947
196.187756143813
192.231337869246
202.326268884785
42.643867679597
156.190539875651
233.93834141421
191.896038409323
236.188245912261
391.141042268506
120.228739500068
265.096927521204
80.2521372224622
194.791079095479
351.80620684807
233.96525289413
120.646273375822
156.714177351105
387.907795042476
272.068995313016
276.885991864115
121.715390984113
200.850633503536
272.465666171727
161.437268683089
276.434075989417
194.24209644956
276.885552611105
118.647867732244
272.81767405859
390.75789805907
275.161969425926
272.574223967967
159.173288489608
155.127839894343
207.239840238872
120.87562329545
310.510600027751
316.19241246926
157.217637294372
390.030146044083
236.689237362777
388.307295363287
241.036302171636
229.125142809183
132.184074846055
236.173610332151
154.467381278422
314.36419427556
395.259486621444
76.1247363006119
195.951270185034
240.437187633401
200.088529649435
281.208509786654
368.275528615958
157.0737561313
229.957596670021
161.456988608355
357.654787304274
385.455842924302
199.586547764946
314.359126728213
204.987266919678
118.865725203172
198.933674100714
192.005798734052
278.057764246897
193.432269733556
277.254229280582
197.49840550502
274.730056775958
284.640267699616
233.762161402596
151.086814991293
302.709797279973
233.545693476714
198.612393884822
320.877180405011
157.724268760482
160.713122869706
118.970055091728
158.463710030453
348.816618090151
197.284562187448
202.156254672421
276.184035808085
158.668818487366
199.246724335543
154.406993349421
244.068543621376
81.353274694969
306.41704952528
196.255120380747
313.492692738425
272.746953432928
310.17409760718
193.656272579023
118.229305163897
154.670721174994
275.534839334471
325.421889808345
156.172270613979
198.513407724313
234.786953419511
275.794816891733
236.340181437621
274.885202216214
153.746522042035
199.138549967816
270.103255052125
272.289056768286
310.248650103079
120.927871035936
475.384350063418
323.43744790959
273.963543253783
247.136406000416
239.878711569678
385.897352131739
123.682728513662
194.428917333285
313.925043410319
316.739726651102
250.051616998466
347.851836352581
283.669161361473
121.937579812711
155.183437387399
284.235006507029
159.185902965324
240.263382726076
278.450265770063
197.698751874257
124.195048638632
236.319240062948
199.742322258288
275.663435408008
267.880977924785
86.6953318200887
313.03063340712
158.750682547394
192.462893627725
314.98664106826
317.605437058989
206.217243219059
156.845512691164
190.166478695788
274.360144246053
243.81029293512
438.429986388063
354.423431766168
351.386622284126
124.78748361375
237.570064825807
195.010499814938
229.574734409583
278.596828152455
239.657183019065
240.086960529854
272.582403064985
158.858881771643
243.060205193187
156.133185741121
275.739837238537
195.175936579979
195.661543242422
315.170190045288
39.3975829269308
281.033607926654
194.662783989392
192.046164750022
115.602405298804
280.917007681608
118.778291458334
116.456739064697
309.056739813431
42.1816726114366
122.989378517592
346.57691239387
269.078988718897
269.33531917475
349.365419658201
234.066405336181
193.876803839499
390.07921897439
156.519372438714
350.167532707719
121.736998125141
116.882875654067
117.780075911641
278.86055951586
271.489501083127
236.762721657153
278.98787658096
271.379865420756
275.546185884903
157.795092201566
155.020930124213
161.52988439816
237.213757193937
354.043723469932
197.690862566796
270.321161294928
205.078145901686
394.239700940763
200.146403181616
276.431073163416
233.477407831778
193.703776157002
200.908563797344
270.9434457478
234.934038694362
41.6681064482049
155.827195595389
194.255010822296
118.065498250272
118.292048531917
235.974710087616
199.079683044071
236.280946642228
352.570475037494
197.507193503551
235.747570302559
156.786859692731
159.473152548833
282.385316587258
277.734673803515
228.316610482939
234.438364024744
156.127251289403
123.217094171477
355.818382521839
192.56690631792
81.3535851462771
159.461895458874
199.996428085543
266.6766468621
351.359517976401
79.4198808709847
236.590539325422
236.44154677316
196.059432346081
125.491515310353
79.4369722327194
229.928804299842
160.524806252547
121.063297194119
233.708823427059
207.945186581364
309.691615508294
319.04409289579
158.067398479475
311.793425456173
269.977191236332
319.520393271904
199.928777131348
204.24424211407
158.427461710356
300.586887876457
270.23140411804
157.619727816354
81.5648106802482
159.948496832152
159.494413120981
82.0513486928285
361.116281746771
233.825863998854
242.89454434356
399.8719597392
233.4450553429
120.06893871921
191.790865492572
117.943868452107
118.797554127457
313.463606317161
120.740926248049
41.31118727536
239.811834307894
311.079265815961
282.422332698618
312.634361254101
232.365970891097
198.055332673205
80.3367435999
230.890323482856
308.946704208782
197.72490975509
389.459295494301
200.779792897742
272.687755351295
271.723905211915
80.5833765276159
277.514157335664
196.142382306311
79.4461548739007
188.037374490385
235.349105591977
230.421274396452
153.127447318468
354.321819682374
202.73806498122
350.783631914095
279.912624957879
243.689089947504
357.429267557318
196.404178825674
78.6003871836346
117.611629241205
199.184019851086
354.598330585654
242.441665390483
155.773977948019
197.108703215746
246.227499380939
158.686838198252
308.429998052001
325.565709197325
328.514114904078
197.719283059677
233.34567829165
269.419403580945
228.61537906139
78.1383777519169
304.103549648301
324.386540248973
155.914664582221
264.921631227094
351.431315906426
344.896706986487
313.651103482924
157.403473916238
156.735359186258
420.243874352602
201.901060204397
232.514956592768
156.677982605052
273.985287587308
227.540727919365
198.908996004491
234.792510913797
227.93149330215
246.493866762034
189.618315819581
235.951095693823
357.400374076717
311.041726414564
274.17003149346
234.943615017482
154.235627314907
238.917325740251
193.105660865255
317.365866369375
280.857082888426
195.613091562842
276.178449840792
307.998079156969
272.073366061692
315.759747307026
239.772553326033
243.051558585013
158.516949688316
311.434048967902
275.332921298765
277.60454634936
117.691048255957
323.537312946797
311.583729732857
156.579573903284
235.545962316488
305.812579871977
277.862694648329
196.995608591165
120.289475095653
240.705033679589
240.831079697089
150.451365573977
262.898498684487
230.270910610663
123.626417208403
263.134797658606
234.763543817607
79.5722135002039
39.9290320245972
281.720476788693
118.86856831093
247.005102595978
158.137409007949
347.62019652833
155.6050489088
120.897694265533
269.846872146403
198.052968907704
309.070477522597
157.889658740573
426.219506334016
235.083717789144
235.431091932524
197.738538803618
193.976182155724
312.216964332138
236.315662324681
350.436629460093
350.989945432505
199.074257761127
197.372004440891
197.909907108506
208.65845202343
195.519515984415
275.153971886995
229.955273736326
325.78018800984
277.858673204737
306.492762715065
399.749814049666
193.74795522219
269.53681328759
152.042668378744
343.080598141846
163.735039841341
322.524963557878
197.739137362181
240.925350028903
316.002649131871
117.786736865282
79.1787008976806
239.634867964602
307.7214242122
265.696762127097
269.022921917625
83.4890806426179
313.694911872642
197.841743266536
292.140198760842
315.413127545201
314.590168593286
167.147237265997
193.657981464873
233.127719537321
196.729804764547
195.790038035224
232.102551461637
198.507244042963
360.323116312432
79.698132904365
117.59429747567
269.066622535953
432.955562820134
348.708672021318
318.997233618114
157.895949142341
79.3909913579599
232.710993013051
316.841729868524
346.527257722437
236.604925254599
113.565579841803
235.013055715687
193.492723635309
151.139812795648
345.864858358488
281.507558962038
192.579881416985
236.125495949398
198.700605539942
200.185950452405
352.21613262411
155.216731560032
200.622278373846
154.991679698828
205.477806768349
117.98395563293
332.931601268998
234.922404719636
272.920848498146
206.032151569643
235.247391873679
156.946127746083
194.335234182252
156.863192529469
228.717798514988
357.790470175384
42.5416985824619
194.798826042572
390.063928462374
118.864978478547
77.9941281843642
345.101002111126
229.725363417583
280.481197229486
229.018032572639
284.632323486136
273.217704595095
154.536599432318
308.021486858294
347.766885472467
155.28956306043
199.759167742306
269.678132307798
234.086588250278
307.895209865213
157.017113252216
158.804821916527
322.517524426483
202.383086418413
196.816570978581
346.183058153308
157.131124950456
428.938402978105
238.881201932255
200.083678904337
387.89065691736
280.581664322069
235.768032151481
229.710440962419
239.192545742212
117.401678498247
195.21227012544
196.561155494373
203.257267084224
274.277490122041
199.219070375345
233.025376348051
155.632122906959
152.2054941652
229.294780945721
277.642132494317
231.937834391033
318.456531885896
238.950641325966
425.227911388021
203.47043423441
198.375262842288
354.039957866318
272.98207046626
160.75002297024
116.544620776134
313.344575709659
232.728181872997
317.795112550992
277.28801547077
126.476834244323
118.134496607454
236.156255786753
194.056336425269
253.440544219997
310.800094765401
241.145924053715
231.077683704987
235.382166588071
276.715700374457
294.847619803631
218.667165954009
158.492558152979
239.050938502979
229.887856008514
158.80334060075
237.41361217356
262.97389874855
234.804138083994
155.243564030932
269.860747400671
196.10052635455
156.549454907736
274.963445915577
231.907990201688
272.531259962157
234.332503555983
282.522450334342
208.080223318643
231.372673628535
272.951848235007
388.686031896693
199.274785895855
277.405994186629
162.863894890187
392.502526049645
236.032022743228
196.50112230872
233.488321935283
155.791930594695
267.564578629425
358.351754232409
233.46897984501
200.684717853678
201.205488940521
276.154091729407
238.130634880069
236.672797952524
309.468668202277
126.176145473859
346.531694758987
195.757876929689
357.115139654547
120.97741745927
233.4119945913
155.129435328502
235.94050999246
251.157727614497
200.514324222644
280.433213880573
158.003276982348
80.7684234382881
235.071122886297
321.853476508485
162.242493855016
311.876066124885
273.013070975126
193.945708651004
269.371518406227
231.727872900371
156.213877213276
319.329586543111
266.828682913509
128.966549674496
194.760324390231
119.139107297657
242.060087478319
119.13694751916
80.1530842434404
241.503944112223
351.335378689215
307.437969395953
155.546320552185
157.167843045102
232.21624166469
197.856778686265
NA
269.966078969273
237.532075302784
197.345396943648
156.414236160297
392.030393479973
356.935091568616
316.501204157779
119.314976136701
349.800940270801
194.521142399445
233.70687374221
228.241946956414
316.859378000982
310.219194037427
165.087951434325
273.365191406162
272.056191372998
235.154439695931
310.897593227955
161.518071061402
241.072066879567
268.396517054196
233.536975736321
266.712961285584
118.413145364611
122.382677560331
156.140025846391
118.365937712695
235.969742853579
198.242213745042
121.260983648071
345.968541706575
159.388747377989
165.859586764543
266.838824749547
154.492280485035
237.226939262354
195.399037120123
274.272567421034
268.012861481752
235.674750801545
355.013949666609
197.464884044289
350.036030408156
197.727546070627
313.085532669768
429.71030636511
269.347025281577
237.515607742843
237.896599844261
314.029456861923
198.086202764676
156.431024332952
238.277373379866
235.067643565455
355.181147125433
82.2495520812616
126.968797728897
444.858116931524
238.78663848924
268.617536798073
190.801598333949
232.439550144317
157.537958481291
475.007669275861
198.871947613543
237.015596560674
237.225378714574
195.925352648893
121.633979822118
234.154910161003
321.034342703167
276.344301151713
152.418948617776
318.75209376763
152.621927265593
199.001316464591
198.756329110759
270.732137022436
390.070872741325
275.743543000945
233.944922775355
308.42867492017
208.812739700924
153.932328665405
193.226506452003
461.16284060929
273.23645929874
119.654397921487
156.364151782387
119.569322456906
232.097609073198
247.120840057822
205.976613008641
277.614472881014
160.545057804777
353.361032360312
80.9411553411287
121.960771731219
282.670686340923
195.717668163018
235.917247961393
320.587126959448
309.827997978455
243.216532750825
270.452431058907
305.067470643387
162.03353099961
268.174095739055
275.17175497792
358.377188463611
156.454575382206
319.914924599855
280.133597940441
351.132936194268
233.162624378731
313.655574331523
440.705492402117
198.594669662324
341.804517892646
352.940215432153
156.879626860007
241.335819086098
273.406628959449
429.499306844977
195.27662261288
154.818664614654
344.131575312587
159.317589692883
164.576767619473
430.112823599196
419.350432332957
239.439533736778
200.146764904982
165.068342085994
304.309291643793
156.766871218797
231.778539066068
192.834551423724
308.991638758889
308.984046980649
155.713290752135
237.748817905743
386.142305391569
191.026391232902
278.622779135706
244.899877270888
276.829160889534
233.413253325318
164.942008940958
196.747535207707
287.708954528931
268.786985513747
237.15798205586
311.74358330431
199.493651356886
394.476002867492
431.153054949273
355.809641407297
196.07009717136
384.5938355639
233.604788088568
116.959537451888
357.253406923211
124.407915677897
433.754881871245
121.880034572612
351.942382989263
161.680215662002
192.253997783
284.594799352608
192.037043134311
309.429432549366
161.184603309007
159.848531570299
189.637825153872
191.912035496936
272.208846229882
195.606339635714
307.088243316596
241.961313395641
194.217479546112
317.525714805368
231.170627264814
238.830765408142
NA
308.084894651495
41.5640096890876
306.584752349938
276.568474582611
83.0536531954713
156.464286668236
236.927938984093
195.811012681161
325.504928952892
202.051951230224
275.738556841647
197.33429952832
194.668108895506
351.590406228267
226.623275224881
317.305847311604
268.767907213944
236.355020275091
350.35449738177
355.076606088908
234.358977160915
310.752148170006
392.664839865964
191.523680400603
202.478750409254
250.501830741361
311.937781802929
193.746197757079
158.875932184199
156.77246463371
79.7412830613859
235.697245709879
241.467969710883
197.776059178901
168.341890895773
273.055679200147
312.861178267707
198.088409510231
80.5924738560043
274.593408968304
231.304559889074
157.004699572652
233.597674929226
307.418774911179
230.728949178982
351.686273145849
321.464402500917
231.019778574898
191.304981220972
78.4469696228154
306.777541405446
80.9096772095404
194.368820340043
273.056348284973
282.78487591858
157.560217231953
380.064239226753
272.109265130923
305.614108114863
319.035201991101
194.418477100904
427.489656117582
313.186618189932
232.948689188767
198.075196782838
278.965805503198
314.987984195375
40.9854233726814
347.18267101568
78.7722890981016
118.891132517154
229.385499627566
118.883039249644
155.057245758923
326.51354212912
244.620380655605
237.618083107594
239.312963903529
156.06086774066
200.320983616616
85.7305122554365
280.675078556903
428.401261979735
389.553051050205
230.359542162387
159.198271909344
277.358113801642
81.935638726954
236.291640392099
157.917334308363
200.332006397525
273.425803116492
279.958957860467
310.249977970491
237.82018676249
118.228807962756
192.325098512758
118.020357463136
331.11942609873
155.407223765164
116.572216656292
428.346597715977
398.952244246261
154.506045110192
273.134772614844
190.416451133195
193.107961593605
326.014587306552
352.740220831061
314.917662648568
273.181577546969
275.908846898497
271.724249839429
156.192498325964
356.768274155514
235.583466431433
312.346783079923
281.215658233864
245.276222182345
199.589850602928
418.566479870645
123.260335103437
350.687681557321
268.056052956339
164.90744884722
318.879470945619
115.443861177331
156.136395646778
156.07247355489
275.230361294574
119.19727148576
441.211130101826
305.378391049378
277.77603903127
192.70778951336
162.432452824908
312.770149624416
275.180709198555
194.30299438707
231.947306882813
275.836296242547
275.066239754196
323.1596076883
165.777705872254
271.402210339188
235.172010949779
416.765412277644
229.522447202629
196.018444436449
236.158970041383
198.61711234098
155.540028785352
157.572252770489
350.707000719875
268.751209140324
270.668319871579
273.030878712482
190.548204580204
233.984198526661
277.701321542022
193.415203629103
122.257413461693
238.479311490916
268.182944110677
119.391007492957
316.75610415834
199.128142143462
343.472033453504
196.824974353371
118.721840961189
189.238509909525
115.98736655345
194.723876809916
354.03591873871
343.284336418679
115.84275358983
277.683443604984
235.858189752001
236.251656780103
239.019859763486
199.64894930351
360.494755235396
270.423531983462
421.648098744782
236.09852087399
391.534184386378
269.901962199255
276.050702222675
197.815512594692
233.159993309865
195.330370600016
305.073370173502
119.275251572552
159.411284952697
247.937430150708
156.593349119878
276.058214946068
276.173557019105
158.27306729391
233.774327728314
237.800184316343
312.724649542952
268.84878132854
314.562616699291
41.1353872544004
119.639783259391
198.22019817749
159.3819577849
267.044836108377
190.956792780348
235.674569766053
353.939563969835
238.783648542424
195.187375893887
166.38253671063
198.798902592396
123.937978772989
122.092817039942
238.658760864233
347.096576422167
347.622027714421
387.46506535016
241.29104644264
125.828110465301
162.47447388778
353.646618587299
159.073922047494
279.66328812452
315.71601017789
242.738673995375
161.677311402561
196.607882724366
196.261637130108
197.456988596573
228.280083953103
270.296707203739
158.991803915755
283.987306852161
154.947654357046
312.778181135894
466.043476679944
235.655073745473
151.62500767225
278.151803674009
270.896776326237
158.856211256538
199.326784937352
235.290530430813
265.154081570973
154.304279744566
236.703889807486
242.299481855655
282.851458102056
191.113563785091
236.994599281786
267.372786118478
197.462566017939
162.432781820855
238.224494516532
118.414097717858
269.738711252968
233.476850454892
150.825688350839
309.636267358746
276.679149023123
344.414529714151
235.393511156378
237.541412430626
269.296966165773
155.381135972693
230.513457676471
236.163746442871
236.640002414149
195.831696661252
239.891817181029
165.043988512963
237.819606930824
195.906332788081
314.645241429721
226.443250051091
344.41664281076
302.014989113613
306.954964492491
160.368512131579
241.395405698885
239.588628070664
233.790092424679
279.150783301343
277.183306223714
270.473933649549
280.306582057861
269.723386410387
120.053675116022
237.773453893685
78.2581093951803
317.123598450847
201.020899963519
475.510019214327
154.619544807852
154.536489103537
235.844292224964
314.260458279358
158.258525958175
118.046778022272
429.866717990278
160.355386755352
227.413408068689
310.431074516122
390.990068512877
320.204176193434
161.094987547444
346.330058787557
318.339180699167
154.627444284141
154.445670516783
117.0585021349
195.01791231976
235.437072149765
309.614136187761
200.10330735042
274.387548643423
199.940498176867
235.430022963529
199.338877964228
288.678907327422
199.998599387555
157.264969701277
269.849433283368
161.937949430949
364.237598361011
268.102770514545
157.121657363776
388.804928967574
308.9230785511
300.796713746454
276.815304757191
193.681443525787
233.651970337499
118.518901447677
194.083047652479
125.005575445006
205.732890290484
356.13722167504
274.42200387407
313.020959199607
310.810244005838
158.015071306378
356.688973171039
239.835735580346
279.940968308482
227.973178916688
161.383916172875
236.452134270818
198.794412786579
192.49979421907
197.582557139435
365.575155813101
432.274392233762
349.330493364927
320.124774633271
237.184186782736
266.860884345475
196.879372057703
282.916184211967
270.1317542572
231.049109177199
234.138413704809
196.237574721627
122.552758938119
463.081896281539
197.365598347708
349.744447928673
388.520526361371
272.423336321088
277.253247966953
121.33712542505
386.868689792758
270.521338518943
152.777097483452
190.611317973207
233.030778230938
196.682423634925
202.248933412776
154.9798575272
237.108949823112
247.108541942971
345.813352032396
274.311691625869
203.982871027646
197.470767596618
270.597626326577
118.810300421599
352.354111727126
274.222032205393
268.215928776565
195.59773205011
154.21213042399
229.403720421945
317.015489374986
232.495607835615
157.620936421117
235.085315622675
158.858510982315
271.804202840286
157.930524935146
196.574312007931
248.656509737542
351.019960418416
159.006547952833
79.324951160478
119.649470839634
236.800717189011
203.920310624245
310.167081089314
237.65515973192
270.11387343067
279.427208439742
314.990398338267
196.578485154432
158.181754942513
312.509168542095
235.963859926637
329.206918530209
229.235377098354
279.9979807311
231.816759947265
200.003203337611
205.139775642155
204.375565118692
275.860108656378
313.242816395733
202.501180763071
200.853317302618
80.3658031840567
230.358205043417
203.69410314286
233.058544788283
118.618884395898
196.258447663114
274.892970493286
318.274745288591
296.765011473146
231.805644424818
156.330843556795
508.519555138632
274.176073351355
378.434189963092
236.539387272488
237.571948704326
276.226447145738
203.748290823597
272.641411527894
194.140748427227
404.740823566879
195.135547097221
156.539537026267
163.732405798567
404.368659456414
428.000803868218
158.794768372226
115.810533758327
230.460162318421
156.194326851907
398.517215731847
238.966229731255
195.539557853087
306.363685097922
193.632462463545
206.36582518656
230.429202976339
269.436213336797
229.527928123688
254.719889635947
272.279532067808
275.422870579748
353.21328072178
309.646915709678
310.46612377486
273.888345202445
233.894766904723
121.71695126534
122.790484220456
192.841034794669
196.340074690137
354.556184754282
270.611971152938
310.568888205137
272.488396009283
308.709985268174
264.844165496779
234.481768633364
233.733663652898
156.735175872648
205.759304780395
233.308849750063
234.755583142486
238.009562770632
239.121431961878
196.475434028163
118.240663887423
154.584477983643
199.484159757526
310.092357119521
204.278811654941
242.278904698012
305.563100192376
271.597709525337
233.855027066658
199.490940152043
307.532806530628
234.987349578425
239.459930169206
153.747382721298
239.881272591798
271.601840267626
193.25022974657
470.395120409121
271.344887871082
240.445687847707
309.055353662833
236.156330353955
195.678520863759
235.339655273888
346.405910902197
268.815545567168
122.409832051732
275.483281477746
424.81816580939
231.635980557054
356.733292768137
389.386355625652
234.707008451919
348.264527049495
308.124368607197
314.443164507405
198.026035005697
159.621324298911
119.846946862031
204.830878084069
323.880161769386
81.0626550333316
120.169731135345
126.594159527103
245.070437371753
81.5521104774861
199.871893060556
114.821409077215
357.872394061886
205.214668747436
166.943970166238
118.613124496343
193.300441604581
155.979948565934
274.833654661979
157.15052152113
158.953742933112
115.976014519287
126.164421867159
152.743554246273
313.268353426677
198.308635973292
309.052421988641
154.240081198712
205.756049682887
160.747496740147
197.456683561044
426.033154578608
277.993410166165
313.948302205754
205.379573102479
312.630884632995
120.404525340602
236.610493151678
308.015121471119
235.410250744225
279.951099569669
235.782375805493
234.330418323257
119.817787654847
240.085726339237
199.801834946149
156.635053523306
230.691677688654
155.229049933312
357.169583462973
271.578294665384
165.845443612058
155.853002417328
165.576371895201
113.653477142281
313.855814838767
273.636337194066
279.937247293315
239.919910682344
229.96093228144
305.978893687813
270.362609937762
462.955571062895
118.216231484726
235.887628774371
314.93910573483
197.204773255313
NA
157.266253011541
319.319335235302
271.002603635354
384.057744887809
194.066093328973
82.5261242697337
315.440055425227
202.334654796536
343.629783923224
314.466494877201
191.99680100791
349.355909726505
150.991308440979
197.274277573002
120.545471912113
272.396534075937
280.44222819805
243.479370246131
231.253509839771
270.173341356613
77.6919074968853
246.066183555299
196.354525770832
194.653190144131
347.473221254764
308.603682213969
210.730972337496
241.37721712417
244.087819744865
233.481339783893
239.078876223745
194.911930238417
361.734307928427
200.174261909497
194.119440321
312.110834325052
157.37153019151
358.452627380966
312.647497501077
276.158276201747
236.886199330649
193.194034374145
356.177148399017
323.524211447085
231.777526143641
200.045703435602
276.717156458799
468.585090724924
229.574311232162
191.242130491497
346.589380623751
193.238364167269
197.773129104404
236.116427674704
309.798645202377
268.196861171178
305.628208401981
205.630313291076
195.215327892636
195.888492641298
235.459118323461
195.145559358298
327.656238621974
280.951020903391
195.314203521203
354.187776590865
235.560167742331
267.858004295719
236.744657415477
234.384867281868
118.734082435348
311.72961085936
196.336527103931
311.188626652325
318.666952400692
156.197434912511
192.258670145899
230.776742614009
270.820628397137
236.326827184277
229.477958916004
306.661701605432
316.927641377062
119.855449373081
279.794817971995
239.654037036162
156.582071103026
273.771396295792
214.795289733067
279.296744330794
231.404265209444
308.29793180422
195.001050675756
312.267078531466
271.746699247303
349.987891662468
116.986927813324
155.995866424085
270.682283610601
198.372251704321
356.803388512795
314.337902315189
237.400781082189
237.035529852848
235.82850844786
117.777813670537
193.132432287646
272.149480140612
314.809496604326
273.027784144432
312.033382199035
354.606806185719
191.788234361963
232.52820795801
249.492294954991
272.094450674754
241.525372054914
79.617691949209
235.701443079975
270.785450669248
357.108407453167
468.406601895106
160.989263559527
239.62903635166
353.634276097569
194.446610786772
348.669129841174
199.771941146554
387.576942314802
229.191420446622
120.744695235155
273.53751837321
119.0819393033
238.735834237311
119.664229155821
271.426623768126
379.809016608471
159.578589850024
155.745762917442
233.674960903635
381.438271129553
119.555257111402
345.360368790855
238.158843306676
284.329330029548
349.988416053152
236.713820762298
234.644290523427
358.275196742962
234.591111601105
323.605253084696
195.325867161037
231.422201728417
