"V1"
541.060774584922
567.333209551605
571.353494738045
538.428543078042
553.95880352594
526.248336045137
595.207601335024
511.347189488387
519.244258920409
622.134975646116
488.344903627225
561.019828430933
486.226992819441
547.868460784327
594.537791876643
547.47613180263
580.818546682726
558.49717389479
563.314823556233
513.129128781731
524.053592139593
556.589053206555
521.7571435745
519.870393440847
557.171258819762
535.416195330266
570.484531584165
590.916650358764
599.067068757204
493.804239679168
543.609490689247
514.179664579054
536.59438310884
513.210171276363
630.497093092016
515.866546699471
529.570965577889
464.573345725804
475.039538417353
527.81966237249
529.149591409821
538.946163600992
618.852119172063
555.886404595324
540.934042191605
495.249912531244
551.738138302052
507.820331249235
643.837595362932
495.835718150994
531.676595844029
509.673026158552
549.845287565411
558.215431160343
545.290382766506
512.89997106831
568.405904485806
618.865426376924
492.176557696958
506.895979009932
592.355513538849
471.378839910575
522.462877558643
561.234779998527
539.774416165271
474.055101116988
510.310961069765
527.688479956179
574.983367415249
571.956247242191
541.294854096227
564.58985401526
519.407750221371
569.671913067091
533.260263880756
516.339513975404
520.204107242762
532.130952045344
563.581454939295
477.386114412898
546.960398597857
501.116480343943
560.239519229307
544.60437454822
476.74788972659
579.677223265939
528.494579836778
550.507001013896
552.632045993877
641.836529951409
597.724730137846
586.192642824871
557.01853472217
528.245807540677
530.408769473741
595.29093356979
526.206366102956
500.89024375864
586.830461479454
583.219375123873
574.056800664635
542.160956249538
528.841869978985
481.727610455811
558.982430868325
560.402955555523
488.38801407804
621.635662620342
569.455073101164
561.269911364465
557.155873526894
594.191441366029
512.097887259632
582.560576624571
582.367678629185
484.996388171726
574.832190743771
486.330820516507
527.506727863291
592.646287886018
496.598425998803
579.578093383906
629.272133850883
565.815970399311
434.823447537141
573.062643044592
539.433897966579
561.856569417249
513.838573256216
597.120180724257
536.241161559232
586.757454932138
567.277230199644
556.408365311128
573.279071213541
525.731994925394
483.705950277202
571.335683708983
621.532174271621
474.703423308012
481.822096018351
676.464322241062
618.530843491023
585.011798536435
601.44089788511
554.41184160877
522.277381382444
635.224482700528
598.152367783422
533.948077216657
565.118333669835
568.598320914004
526.622973660969
486.422628959207
534.170578296628
487.762595935717
568.841956235392
537.142787337784
573.347305704195
583.75548544003
592.706999138736
516.620015451606
552.072629828589
548.744622036617
590.263271893399
547.934029452275
522.392373244355
529.527984174772
571.468452400346
600.778419472232
591.736795090776
455.854586247566
519.454356543313
575.78732389898
619.5775688634
522.69246243767
570.970973755443
568.94473808415
588.756373162308
537.724124550757
593.912960187528
536.834893176611
573.240636562591
570.791419897758
552.024375892657
558.008066219473
503.501165563622
489.73193303432
560.19404706815
540.058095999435
565.2094627103
604.034232995387
619.899355975463
555.532205457481
604.516966852029
533.933445798518
578.526525462403
611.952634749434
531.756273904781
527.298177991441
557.228327582049
477.823148286582
514.006108926603
562.821496308667
641.921858627089
558.61764416378
611.734647849343
578.823582279268
504.340299034292
537.238193198936
599.281179030418
471.387858434887
580.942773187369
519.959513734844
578.001360552654
567.957446624666
526.312297997811
638.660501847241
521.398158289234
568.13539544827
593.898074952303
514.867640137411
566.150195755491
562.309671835115
583.402158790206
523.427725116249
559.354407099737
531.076541036437
554.417306056984
500.154142786574
544.577747895629
474.28567246624
521.240673598269
547.988384543688
610.989105459575
593.329326764915
547.364246138368
495.949179039069
532.833372984821
518.940955878237
581.968776899392
560.247032310601
585.762299337611
516.950180774918
450.091018794763
500.241204547924
536.49864824956
621.561374803325
518.428270775731
529.455959514628
619.621686452315
595.569080633079
585.020186686323
569.032366256915
497.121777605556
452.67734252713
613.897412297003
479.666249613826
564.275372853009
576.492588625642
527.050312211005
584.672352372935
546.037557866545
512.953982447732
524.562282857219
564.802219489086
464.221671741285
431.792832842392
510.392957127252
635.523874256159
507.187132203407
556.803944030809
501.089284877864
543.406213537656
528.075056578721
559.009667956546
551.863579165411
546.240522686633
576.447079708888
613.942019810229
568.053407377152
485.348589341866
554.304181149423
569.871310689062
572.117373175847
484.548037838884
498.437123492941
507.70754538531
498.465481116205
519.942689437881
546.855308742925
527.67697403755
610.794623701894
548.744204583169
520.535881228392
528.175793250565
496.672339018679
513.204184800667
559.434181053294
559.788818109019
557.062414066853
561.410221560308
570.52592131069
542.274542639643
571.315003507227
550.690378009846
576.879475678595
508.640585349969
505.165609634072
555.83907481426
609.926872508829
558.362541544549
573.570965681056
525.022694299606
588.348386174954
503.287968121054
524.097860554164
561.386083120954
540.844319921485
592.534509001675
539.419087674224
544.535958608836
512.572210095822
633.58587150198
615.528482554708
587.910100527993
648.024332768821
567.804258315189
553.133320332318
503.772214272438
556.088514316168
540.210964152922
550.704659568092
572.761726301549
580.960462220736
611.820289367508
605.532578701621
561.813940443882
541.619199639905
540.609286455687
553.228442689466
504.904621722408
545.690498773939
574.551106065513
513.928091088597
466.59213696797
555.119876636287
522.386224094344
572.074923311822
547.12786271341
523.074901685899
613.693406849074
580.099221485763
522.889839792928
606.812359584264
563.424206708569
575.220312760217
546.662746756059
522.34710901046
558.744403445856
588.305014049506
588.654393488384
545.10442455837
584.051862976447
491.370383431344
474.163480009446
619.077903416694
535.71707457545
546.353322188861
586.539812445326
506.519944834861
579.115981664467
638.576981191348
512.274601592743
527.647796690522
570.888109123518
570.319572819099
526.237600089371
576.251142966494
511.171781588243
564.022958493928
551.64128651819
622.283139150345
501.241242266721
556.523861615934
576.575645356924
570.663193867211
592.44416472719
545.2374552245
522.301377772038
601.634856101163
571.644873937446
555.941974904133
523.341661627337
627.358420712899
517.213028352511
541.643947187851
487.397062154565
524.09018196386
511.221698072851
541.462558840115
583.884849769625
471.481913448197
468.719500732979
506.039553334656
546.885245634419
533.765333883456
507.930245863909
528.396209398272
573.750074600833
533.801371440771
504.468603393256
667.688021012347
558.139242987629
490.68594459578
585.866237886419
548.334936446881
574.978927848727
540.866147474832
604.711388320514
509.416239929908
623.607070306641
585.521208555504
554.475038019874
533.960476467014
523.567523208915
569.827274259302
502.387999245305
634.996836166487
524.868420863459
538.242742330955
536.407275630888
544.055569246132
510.407750873722
493.779181984251
525.222709334898
554.499839658064
484.301577742218
519.765416097854
620.941113097596
563.708183778104
577.607806687048
497.318320702066
513.936294871173
596.02161886646
544.619652020956
485.341972056606
546.548395218915
613.600378478199
565.271621494952
580.740167944767
483.741161265316
524.580052943911
572.43575697494
484.089248805903
535.537740353483
511.087852556067
549.781091669377
497.791799333997
556.270693139563
596.677131526569
544.861957933397
597.600522576178
495.136563813312
526.700153127387
534.812576014682
521.975914841187
589.021275976305
602.582178746577
523.23821643507
581.092422179911
510.791226484073
582.622557064415
559.601287992505
547.780522433772
505.102069936254
549.062212106597
507.487838797157
597.348673808948
615.798061713511
521.469364707303
500.770657890148
579.872877961753
564.603056697334
580.478993479277
602.001040656445
531.856700799631
535.304687904109
550.190015834173
612.927433042328
605.822429177717
514.978701385734
606.900004222683
544.369831616306
497.075275127072
531.140517889253
523.710556230878
598.361526691916
558.631509413971
597.100294853182
509.738324323535
560.166982809058
573.402088553543
545.619445654623
475.989540501541
592.965060272542
543.618061434926
498.552884657591
565.027924847964
462.863129615787
498.570669971612
523.42242039191
473.765834785917
597.356633746307
548.326682655759
497.916628914689
599.254175252658
508.777945493442
545.012549471824
527.655895274246
577.409073277863
551.763857029353
582.134725468362
556.142966999116
563.030589315324
595.506226878744
601.589975714569
534.417299667258
478.588116962309
528.474451551102
594.423536732485
599.307381306418
538.921847308947
532.475104408624
524.179775537485
565.097783929647
536.905519474285
552.864014763038
556.092991003137
537.424290041166
539.861237915773
573.561913329251
626.199255939564
500.467679857245
673.999941860726
580.905323323178
579.881326569981
595.555764419062
583.076869778605
598.448108048062
468.084078172371
530.244331134086
593.103263453438
577.312787116596
575.865644433116
560.498940402236
566.890340885965
523.208399093558
489.938198291938
566.193323225925
494.537984089819
538.970276603061
586.13484122187
534.107956672965
515.278537978027
511.794397608575
553.331917153362
562.927553163633
572.262713701269
479.980527750211
551.388073010468
477.638488404418
526.490804726979
598.220149976798
615.914130399416
554.235415873517
553.196319437417
550.294251589382
518.637578240033
588.468130967729
657.795340608684
540.815310550377
568.088592961427
511.678588709001
536.868750014713
559.097773291328
517.966003319115
573.8122039444
563.715710145171
566.772226056953
567.370151475601
512.421455328518
556.36271028715
501.513081185321
551.901887643676
541.334454464181
506.923954148364
583.092153026568
446.864313895706
597.831006145832
551.62946496125
528.837833827062
515.533798106339
579.620518654851
487.996168304274
515.959162456057
576.869840879679
455.013622488854
457.077973608602
617.764551164465
581.196458464896
547.503879512762
599.583945476718
557.001969734754
509.754575274187
606.626218792082
514.224417522182
589.653412034921
522.115660305112
489.639812899107
487.287146496987
537.806034481729
568.376174187492
577.365193818175
529.367829264878
561.048883714695
582.801626450978
507.226727594821
555.03549307354
513.987723669562
539.498264323234
596.14594247696
500.339660334953
569.284254668133
558.462360475278
598.46115566398
553.318034358349
603.978868909824
542.393912860489
515.86270908151
552.614945072406
582.895887229952
548.477985379464
471.218874449013
523.928888321236
547.058065579137
492.566703096194
545.474762426952
566.967795001406
555.88068346297
548.331472931293
594.802417733698
568.19017148198
531.446019011588
542.93900936879
514.372437951759
588.912359498721
596.767831775013
507.394513703038
572.115595757997
449.736455758995
506.297960800807
587.38588361037
531.6802116564
483.246290253431
486.926327795156
534.094186654701
576.007111412759
581.945055940637
453.560526432438
583.199042347042
551.721375911578
549.112295606359
499.764198750593
498.208800208772
543.132598826861
494.10980923575
479.154489980249
516.441266378272
570.496268078552
567.673799217299
609.888846176868
518.640441605085
560.240370880775
556.878419308142
628.612636160734
513.578613458124
534.069957041246
502.242226138984
559.148380576104
588.676892643036
436.818302800896
413.710520488876
519.554940304485
513.620183355239
455.004578760884
605.282611548286
585.89058377094
528.956985673389
637.926090723225
544.467859607618
516.195082655522
505.953996005677
497.207924692762
481.694675318217
600.671815542228
524.420141815656
441.851356611864
553.083921982205
588.335653175106
579.408331449519
594.147609254795
544.849159833866
504.850201413904
486.894177400542
544.430863552225
531.369162186257
527.320878305566
650.241813121355
553.076639366298
588.488309215145
562.14585642437
478.935539697136
602.167297027702
517.387938281512
525.336563879375
545.566492574582
539.534260758415
560.096603296459
502.156969416765
600.377201667311
538.933079054895
567.561590997905
584.197162441429
525.333953903748
604.363999185497
550.071317653925
496.069316618784
507.73387808374
542.781343719074
627.103851693481
583.525553936993
518.981716043474
553.581690889446
550.139287037852
502.371802434683
582.065484492693
576.140228619955
617.252265910401
568.327335738966
528.137416298615
581.931018599804
526.652658852725
466.002596259991
566.393626994221
580.354910817584
499.08375191977
544.362518020587
602.561791200768
580.930914400913
602.91427490026
466.334644621985
548.530980732743
588.264578908389
523.20796841099
540.626657521326
490.202152532478
593.718954107301
532.927768990463
515.535179669376
540.60096186498
554.995381407444
568.554418722137
544.602540795247
561.195770431823
624.402301072866
606.827541064946
594.193294665274
565.318897509956
518.025156045078
543.818558294239
536.651884245067
624.296269873442
562.121574766963
522.203916581782
584.67162392807
578.326528267796
554.946262694385
572.907242856406
585.523944187001
544.892101435794
544.096412034938
579.711523576899
567.894566263972
561.675615954699
537.402993162896
580.862352404292
565.463632372442
514.832364059347
563.215819982948
599.15728442275
555.608390773024
522.126516943875
531.102425127116
565.651603223618
537.196673591545
504.544472335635
534.149771489521
570.874317813893
505.726380264464
559.760503084456
534.030422184384
536.013585863087
460.831351875398
553.675412337919
520.724340441369
546.948770199597
520.241451441435
602.577868407301
548.225855695262
518.753940000948
530.324041931022
513.77686931141
594.969049880816
512.838729370538
654.136731919414
559.247454563642
570.984424592421
546.809237802646
523.551851009494
570.510968157712
538.714277750022
576.076361708553
630.367863371602
547.839068193085
551.044597018303
535.850082632523
542.701787994479
534.695273453358
570.495213800106
513.376482582983
586.990160717423
578.003665204007
527.018495041849
637.956679784801
546.187748572553
572.034058077266
508.502952180862
596.509474250092
473.470659390191
596.270555999434
533.019205646185
569.321336003692
582.831170943423
430.805613949519
520.795138382102
563.848651697943
561.839709914203
546.286132558749
520.591800419826
478.54191746849
602.652823422628
498.303569636323
549.552874169309
576.587417153576
573.081680837366
530.152237854575
482.885501389192
547.646453623191
520.2583450515
522.279217190368
522.604011675415
517.812118991564
577.950806379915
513.454116019298
513.10304145925
607.657726641138
653.042784941247
624.473811707214
606.438902449129
520.73803402106
466.876236991853
531.154788409302
571.796233948754
616.350380838527
533.653365731704
494.713540830054
522.131006933888
511.802874725763
518.782995617531
570.713437244739
555.954209331947
495.042525722279
594.084262852994
540.038589080634
539.17580775414
597.991048581331
545.67160920276
556.605555507055
533.813540479835
533.330972206645
479.287553613972
586.784649425509
515.277000825051
575.178081033599
544.905609440923
524.704099338255
486.538251159118
557.877482575493
492.520140883423
544.109546182638
591.551176291066
477.616704028916
504.935636906629
631.83591075385
493.89892794491
448.121328712807
598.431951910496
488.341785762691
525.746717685044
546.016992332827
592.091118264311
532.846488484459
488.729560637577
582.636020759101
598.445165077632
506.041224348557
506.555401319865
580.695265954161
591.040805718257
555.738736427339
544.673469170588
524.985935501133
581.441322877569
547.061169350641
498.86946473972
570.633573998032
520.918966072364
607.35165232269
545.882073199704
533.71647067571
619.710154802272
588.126842856238
553.568955842081
553.022977861903
534.750043552472
486.896468224748
481.209648555711
511.386728885417
514.040877021105
572.883433819657
496.206929682018
552.178084671098
523.094942739382
537.671783970623
537.761668458145
585.022384153397
557.711900322222
577.605712481015
539.557179046248
601.388936929731
527.032816529442
561.447424023117
569.126584634383
524.517433991906
475.892405992986
473.045422688145
595.923002917775
546.075486357208
593.486114005984
539.078142541284
511.997083785018
525.224370420976
540.532682304293
535.079037573915
564.216326816596
577.72214186501
541.065865554618
536.788601205724
530.361682177794
592.003995771384
574.1172556721
530.398877989814
549.13002425619
570.200186048089
545.497262520056
495.853475065452
562.578595373392
548.042269248145
533.331855073672
522.240381083268
554.852677079935
545.960799313057
525.812546029927
588.063377368162
531.459047975152
560.979506044242
533.591687353623
611.022277552804
546.898491101907
584.992002561813
553.00764703919
606.73551457078
553.718787257055
576.407782940454
487.526302113625
597.033491639386
552.418540863084
546.285655051039
560.427352797427
512.962579112682
543.140411793186
603.580611915687
519.697068363072
555.4724956115
540.68495590411
575.524904255857
528.538162617623
603.626634420749
601.07729466018
517.775450621825
577.246091335153
544.86743588633
589.672121163643
489.912293761086
578.287462516631
548.809774058162
564.309427142927
551.506150360917
540.481700941265
552.80257235778
547.973664063855
496.293117354017
534.518867729836
574.952843023314
515.121457692109
596.512778373709
567.736133780466
545.810185239533
559.484712192824
481.777745718837
501.717983837989
530.967410636261
538.235265512242
496.550159335547
556.914992874529
530.807119874502
533.108857238748
474.097024751843
504.00057325352
577.014157135794
543.657762442752
566.39717385753
484.949443972894
511.718070202067
542.070955793018
466.871015976429
499.914600059653
554.237569760979
540.819751818432
500.754307998996
519.307144151417
612.925334481292
623.789661012064
536.246525221785
518.702176019288
595.255654400219
504.979764655453
544.115085156919
551.186372208992
590.707387823203
610.519256971361
528.647625765789
569.219326053647
512.497442253308
586.293482984763
561.790950104857
457.412206088642
563.797709835
552.562766135344
560.176851704028
562.424011186931
485.742158952087
500.734438350687
529.665903602797
504.089359705328
582.71269215341
549.323248678875
473.500406769353
563.538232252588
547.809955815231
509.262839325852
574.714112905842
506.630881731428
498.830254038837
508.311752997926
573.983710175308
527.001921659944
515.329520336283
607.896380257085
481.63005078774
585.482285846459
522.073299707093
583.525500093703
634.104601496767
587.153524264494
508.199877057391
534.443889261965
611.41610819643
486.822882598049
532.179095360847
514.53472511111
546.612448052245
571.935990351671
487.009688844975
441.091205492632
659.111578508952
500.561325999804
528.27918449896
553.138517752138
531.18002466233
526.936536462597
675.264983500491
516.679936714168
575.043078960552
513.705431498246
547.860747560012
510.627644619274
551.742368168345
607.439149380853
551.991409284782
551.815516146114
530.588526363719
503.801779925816
542.567681347347
541.689638793292
575.263886918637
595.424394091651
540.415966985771
541.631259529645
603.104942329939
516.78740089813
511.074814623804
517.173335555512
625.662594051423
549.285324807081
523.028937763415
505.926616808025
464.937128142736
576.828369144405
592.625344722879
539.818198798649
575.208172949678
550.36197916816
619.370791663911
481.759328172195
505.73613713931
576.360907330942
526.697742436599
552.07041912795
581.051982187785
563.898895925037
557.6950829567
600.985269519808
566.586939751424
530.568654748706
570.398600297871
597.635560024304
623.188298718202
502.408582469951
579.639355890089
585.89606942463
610.511988177029
555.110973003944
535.646492200993
666.581759177705
559.190326575355
596.754498261376
551.702741655053
486.466296101433
581.85996588454
549.086585579466
644.621555294515
473.125453820323
529.296595411618
599.615399861525
568.719609864961
494.100365307313
645.100948810111
618.601028660897
593.835465070243
532.443670058453
522.259645061858
571.158575567977
543.578208793295
530.355094229953
547.043183403978
551.390301666182
565.496547309191
486.558824903526
521.794999409371
577.209288964965
506.577373691856
591.214511358624
528.12120689695
563.510115920462
533.962212477221
544.165745512962
556.284993886459
552.854721632301
562.848610485508
547.741051451435
582.600572716729
525.667103345503
632.087084695689
636.079189421863
552.188225963923
526.718363554231
632.953056878899
561.627344141831
481.328033614465
584.868813387896
511.390754403708
646.257881690581
505.99233101261
617.462290480503
531.703096328657
500.032712133773
568.795141379591
518.52769768019
563.676788279551
537.036669376603
521.407951122541
521.449553135383
546.318289412622
527.957778483854
556.878447620547
568.584855685657
596.237313238262
557.100268423669
600.155050903746
552.325805830407
572.121222230123
444.629922941221
566.635659057068
455.113549120297
579.154325094507
565.962751920215
492.455312465633
484.607830622963
494.352641308566
524.156263349757
638.32831311417
573.754445398878
563.735551315221
549.911246160323
524.069904873686
584.963988160149
538.341866436222
596.828850788845
546.330837959182
545.668691841439
586.122628284918
583.692258514966
562.849256604362
596.548913058417
611.34679733756
557.428525852364
508.79933037989
551.922701136384
603.101517452672
554.225194879985
537.374886021449
488.955324318088
485.281874106001
601.346251602919
569.555403731369
537.609954787751
530.239440804996
545.348815281907
596.57012561836
514.484406626884
507.289966842519
588.62270927548
546.337401501089
511.964693215559
543.755342920452
602.171760833497
531.189368868401
584.050637186797
555.865859211895
541.42176399201
553.027086990691
512.377154351456
574.942228814505
463.470226445616
528.950615214744
571.883581692692
579.005515851043
488.029403680102
595.273484187952
561.697454006594
565.164827607941
592.565524991996
557.362725845491
605.982471514366
568.256026585652
555.811306118843
534.389820943212
562.413132657875
567.35389043081
440.436002689657
605.900886447532
477.493783094062
533.20299755527
560.539737325357
493.168510725181
523.69022477247
607.534352198556
553.35026843022
558.783417859782
558.915732829094
488.902760658978
535.403661449369
466.246995185809
594.406292037481
620.937717525597
617.939390922604
536.586510548738
507.982353969132
555.247416251837
533.82050972517
533.949429191049
498.891061624347
529.119730604607
552.956732390247
581.001520060081
556.513869553415
546.162594021099
514.408971902969
547.087754735483
499.173298857793
591.075559614563
500.324830920446
512.573482353083
619.277500307188
624.841244862836
499.467098945186
546.499711927324
531.271092992373
506.348046403369
569.183751261325
570.280853425748
583.99054685664
570.121231847477
614.539349807515
539.63004518342
517.563235223327
585.861506091282
509.351450345765
560.217147016948
587.236497578569
568.439656609775
553.162766444669
608.348695065437
498.024706617624
583.601393263412
576.389261581655
518.564813916234
593.344948064892
502.813120448786
533.0346999817
535.481100945952
549.739522084172
469.564116431467
674.60200768055
601.877284457841
582.307549556157
533.268259164579
546.798943773247
588.622800051711
587.890703776112
528.276435476472
522.8277625734
574.00763374363
557.368176524109
546.569696846689
540.201935238788
556.776920653488
545.371909225186
624.82139352836
553.465959237331
498.50546905435
551.556440783411
566.52637805604
499.906566709155
503.959534800945
583.193012345634
504.602752070422
599.491782506247
565.104385144814
574.540995497156
570.070866495816
538.969637187953
508.029515960707
516.633814283811
514.355717224632
551.088445704194
520.452525672977
602.896453769425
585.704593762676
583.500247671483
528.930662179166
513.344455205643
534.195863293729
510.869385160493
550.270178288944
606.938810443063
584.316122131738
519.761767734341
578.878490729516
568.514978887955
524.030984355958
527.976862589851
552.074861593218
619.175852344626
530.316355922703
624.870573407213
535.384953329461
604.344596145204
517.201317880545
562.732500135528
530.379435752037
559.262178003543
527.077594618849
534.138626957098
509.155041985031
501.422047249343
607.216784931294
475.549096124377
577.984316963979
561.955554961913
495.285948637641
532.998780943443
513.567750778252
574.270969096576
516.279110979713
571.169820944098
471.695973386823
464.642717773857
524.662839938717
552.15703318271
566.772720012321
488.728411927034
535.743510871716
599.656478587351
507.927751828656
514.69279865738
540.425982951153
519.033165250607
517.989784997872
463.341920301844
513.930798944477
577.343864835772
584.906513855774
613.465665983725
532.13290161294
539.908196588251
514.955091280205
619.277573316539
525.246429147322
585.831361921321
586.373084038641
510.096365280519
509.964627372633
540.523512441294
563.613660711112
528.417749879602
563.334328797156
597.443064143541
502.112533131101
581.392223936679
483.483444049123
570.318455359607
619.506867532182
575.749922388168
514.070270509717
550.82484092937
549.307934924297
499.755298627281
516.977571827257
552.384205281138
585.993211107711
503.59120541667
562.814206335207
556.151147874113
556.28394824783
539.938884751894
523.980127981993
540.200385663282
521.911608548635
516.430302268772
577.215745450422
516.932725108132
586.232873660923
555.435700672198
528.172159596862
625.53071010498
552.357385490833
598.058471040775
555.462672054328
571.700801378699
529.086831815839
508.993679162478
543.387648678358
538.109581766158
556.538401972334
542.477034197407
543.194608124062
493.192383434251
506.066955580201
513.750727586493
599.416389610472
534.855690263862
599.947126179417
577.014162805705
585.830447815382
540.067261983172
547.822524226536
554.936916289206
550.94474355213
593.421946301451
568.115736783419
552.861302830761
551.377042479639
538.618554068636
527.619491802383
592.107296114181
454.965509454818
572.688177616232
538.200319262396
634.758423825879
537.254178135641
510.810727302427
549.953106320366
571.025227924316
508.00293091479
520.260527153919
638.13775062034
523.955633849906
549.960583639509
560.55771384406
620.91315064419
590.008141571401
518.306635076367
584.150548036661
572.053351832443
493.866629605553
532.924697320187
530.636083592945
561.18684067474
524.306452099097
582.762260449254
563.554057269187
562.055071861964
534.684872650485
506.640095017612
551.990863611796
547.427494209998
538.634815223475
515.225803972866
539.223785019242
539.245533506613
602.26216816028
570.813107076543
495.240142765765
641.541702580325
602.846453251218
566.655169638235
570.699171302475
537.737330506711
523.898182437691
530.421836017908
519.713778590297
498.735432459755
589.346051444335
595.216055859354
551.562511273706
600.927346488337
601.965478957799
525.941709556934
632.963034426155
575.565614274324
547.284808808536
530.607549938927
475.776467428874
514.294818274909
502.480112913665
518.913874480796
499.937826723717
617.082717658071
663.241118699853
617.496883913041
604.322236628732
538.71937134747
542.109551006067
566.712432101559
562.606865817652
589.312315112104
526.535630674412
579.666301751119
511.454586102785
520.426747100298
640.959856687769
572.584489620613
614.721392460365
611.944205739402
568.851545616221
551.73333655573
524.990069388284
606.551436489018
544.57380595735
491.281530888378
527.388499814704
555.250087319233
511.076114983399
569.737003164934
544.384919614677
579.890157380994
559.146840062177
611.11661670686
536.193124806935
491.799098535465
573.787726292358
557.865668163573
520.843153924819
606.807181522027
623.113554515787
532.303428905974
568.620151520975
547.991845410196
541.835140336397
587.353772686067
581.12163875834
498.192749866976
512.99665097898
509.668064720248
587.278434537075
536.379791871197
534.018542187343
583.624892370184
595.27528937645
525.585213746834
500.844109849526
496.957502293282
573.844135710808
519.524193637244
579.004526453961
556.984953789142
578.623299176301
578.076850630843
576.499617689149
528.831485400069
538.049703438597
581.737297600677
551.318115563196
623.572853038967
522.838400933833
581.147258615223
571.140325841926
489.743995196941
542.208792759654
551.847591212603
522.581427584431
566.903919888067
557.575312424774
589.004618326388
482.790853069321
531.88750944368
531.557119129124
554.995050597823
498.445763257619
531.443590225789
581.228974008331
621.832434400171
575.922899608731
544.660672784034
493.925571449043
659.302041521111
562.022674113221
651.819656654493
553.511241704415
500.969548280259
579.404257148255
564.353249449408
567.186924595258
502.537938865452
622.686170249686
497.328764138551
511.17823289136
528.636038166554
597.314561710699
654.77581091628
547.432720545011
514.635242495658
521.738919524013
496.5540594145
660.612160898849
565.76178617105
575.850139979858
590.81076998571
541.780210139995
552.199534876547
566.540227639332
519.118631702961
516.204597063927
605.102013841063
570.605470002494
551.773472638814
617.162854344637
595.044481487624
606.986204960568
596.550624461093
530.757203351716
515.167008427887
514.146844594455
534.367463296327
512.128239074447
586.370193171878
566.983064856415
580.250259345994
595.716879523746
543.924201343279
533.944450348842
548.293075083989
551.083913589044
545.397102953885
534.516710305118
542.337882067667
534.582168480089
538.416190449133
553.211908812195
542.56481068139
487.385561316386
507.994242390434
500.69448660982
572.44801610916
541.746801372507
565.58032151157
538.277116620921
544.465354055265
523.821219878859
501.554012294873
593.708075241636
553.085942376331
498.211940324885
500.718562910157
526.706076185809
536.257739528769
494.933983742752
634.406676858341
570.505853272834
566.754962186643
587.345375314839
545.711821700724
543.962597731119
521.098926806267
612.659186490157
609.0271705663
519.545157194198
540.685140587535
616.96958486492
529.206954262893
591.624769462918
621.413199256712
534.966561103034
581.915634232872
585.549548872626
571.699767911046
539.47218398427
494.871665006333
491.157386577848
548.885375116203
624.154738830974
499.772455059194
540.624540786883
458.009847899788
577.233773475951
429.978097028097
521.024807982684
504.238653921873
627.267583584847
543.575388186668
529.583035116807
521.342067706798
544.386150136638
508.915185816635
571.297307830171
537.770873404012
544.862812022781
457.576061001356
470.090946068045
536.876164095905
598.58478675759
499.759449265651
576.174283223046
472.937175450287
572.458795901897
525.967464662809
527.89270999118
641.507367681575
585.793676630161
562.243946326853
539.216582843395
611.644576215968
498.86661494856
513.680448472558
614.068588879284
556.181978971676
566.413193388519
570.409649429851
545.702038035719
504.662239283326
580.107471982116
536.331753959636
513.439001808574
551.656826053035
523.169973797878
601.049589541379
555.362033100446
509.551039906958
502.469419998851
495.144826845073
469.523492110734
591.019806702112
579.248972763171
557.863047329619
584.968041937646
540.146087928551
589.215626963572
543.557281689309
628.48931559535
483.243031442151
522.670878109218
603.121323633398
531.001455907069
425.472094087212
504.515656991029
586.927428110001
594.944865261361
569.752828568863
528.93074777352
485.789508866443
628.50595019223
538.708389253547
590.117566386518
605.868402277503
544.898656104431
605.654466783525
532.098547282297
497.810808787342
474.553106803412
562.436588714047
587.660602407973
543.860733121421
590.946021924903
581.722853932396
461.88745027249
599.151768475702
558.259279287369
498.787799502476
606.082859339845
543.95740201929
584.137400905601
568.967814068044
546.162210751349
555.558851785396
560.315937351988
548.301629101708
613.947301548395
536.175078277027
537.93628727153
583.367679331948
474.588545918443
614.215403277845
596.18222522808
536.67448121286
541.029640616778
527.313360534529
599.820934870855
618.294538353757
541.905473459124
506.687315254362
582.682638128166
619.207216968299
529.316310900297
509.895061254648
599.317462073715
522.86627776546
514.553761868803
558.025955822894
582.583268011207
581.647722712477
576.638906470784
532.943811137698
532.170642781442
548.126551602116
517.055824149808
519.12151896966
601.820755514895
543.908050090797
549.713380379814
591.888174495846
573.18434241181
558.210018805453
549.539524694668
564.664933284231
459.579655415744
581.868969509798
534.559961591063
569.336955143007
575.42475437652
552.400855753175
495.41172910436
541.21672438041
566.42966744021
583.146913003359
538.80022707375
557.463143976956
591.387523882745
494.282685667388
579.663223577148
514.149230395462
531.904266007562
547.104041217377
561.945892686953
582.621159367839
566.943767331347
589.346476245519
539.386844228338
614.830534157923
562.810944207176
635.963502731239
498.165103228533
503.630419497901
594.997902756796
554.326001205859
565.271897892577
611.965920903222
530.310914240475
562.686345939972
566.053303534771
489.777713110326
551.138076241987
510.084439533954
594.454128117177
583.824494810575
579.977278398798
620.722919317113
524.980550294518
533.641316934801
552.382507724675
577.221267599076
590.952325197458
426.002200720029
524.477794778175
609.065966182435
578.743480989121
644.223015018113
509.515652804479
549.44751106717
611.844447701703
510.013997693851
591.747290717997
547.270656134335
604.191839309716
549.491750164081
499.802133133509
571.536479639825
527.112657912191
537.261800091878
474.437088456948
586.049838316265
608.888544033
516.435025382236
533.277972904759
542.245871955825
597.638974560596
489.540446953724
617.091837173065
559.616847654954
534.098308998843
563.718391098499
571.512194853814
573.149171755993
563.246141490703
536.362811427239
574.979228135175
544.993174878948
506.800143278979
