"V1"
338.606553017561
269.373553601422
114.291874503707
340.741039107577
232.929559836867
77.7574493764009
386.140771426934
198.115853532009
194.550372511077
161.569681432248
188.577658542761
385.614885450838
196.715274424905
375.45287193294
272.800297188129
316.600216130392
230.310199095701
268.062069230627
194.967934034202
243.892501883343
78.3629307544831
318.443062138296
351.315986506077
113.383439364598
236.650390476825
227.220768828345
186.600139724732
196.500131932874
458.635562959989
266.583729512822
232.416952206661
347.540465694347
155.697165365272
149.075268201054
389.804864808814
256.591482536521
317.31158563612
308.112051769158
191.461595601218
157.202835171075
242.95435280885
263.683620018373
259.819566499902
161.668657625929
227.660194957265
199.969984444269
122.149538170458
190.951635493154
227.95949823247
266.493992751482
229.197388311684
263.798285390191
234.903256676108
78.3802378507337
234.800677665547
150.913611708691
342.771341181961
223.53966248443
234.961324858109
197.894665588288
195.780617006458
223.933274593738
268.540842786495
193.263500830726
265.141939861839
162.614891122144
114.078049933882
227.876404563091
437.805952735292
265.29614889752
267.454084235235
190.767930592474
196.218012402725
199.573686375899
317.37145300075
304.092894956864
192.337500288235
405.665602330574
315.360848549958
238.118976599202
153.427154329209
226.845712538312
114.210098320576
264.894985260548
240.842996928325
316.177075818777
390.858205142184
154.722088453013
230.263002302224
265.73442135507
264.890806424018
271.868437596181
352.447136443327
156.70304784574
306.505070006513
307.245784749196
233.213725683939
270.905556448494
149.533497999259
152.994619585223
227.825646480756
269.928191921524
112.958253450262
194.898469616116
269.017536209126
308.375049283554
233.230231727496
193.112556944878
276.278589844977
224.943763866232
223.750147489206
197.329501413062
165.829930941778
224.353365037079
465.603416891185
150.990233257365
394.149254908997
229.110023965439
221.907230637495
150.033016809851
336.164735218276
231.299791343882
265.365052850742
152.321810783209
121.152378422734
230.714096199165
312.737740205926
311.695086690832
158.24657884485
231.19149675513
198.501709097799
237.041318707284
233.255573244547
231.573574822782
225.462610366452
80.077942437584
194.325465892395
327.471616741244
158.257593413838
416.471391059381
380.88743361874
189.771294650588
241.86474842707
301.761603981847
77.8687232791228
266.399262811589
229.516860491123
189.875719765857
269.156536833908
189.723635221519
151.503230088049
379.433710128577
76.5514903254052
305.460634495895
226.56953455517
307.507072858037
80.170372526522
204.316214938055
318.342604205481
158.185733319651
270.171825331415
375.253347844844
114.132542555575
76.6245245364937
235.664695915837
120.98394625873
194.528437888527
202.499169342854
272.238496461971
150.33482528356
236.99113602638
192.207226448279
372.21219837422
198.649248658392
122.05112393594
149.541565106115
186.657669980056
224.456193187626
235.515718600115
116.697400771903
262.092085455431
153.907471651397
231.055139951238
185.487979484323
199.354876832335
259.114142853047
238.65970907458
299.011021943794
274.591689623332
357.467818470484
184.196031688807
265.084085291375
265.26321656757
262.99512993387
196.48756882072
118.575100622071
240.958428801709
231.341866963309
378.595247110548
191.37000442548
203.925303137278
260.008418954583
157.092527743788
266.298308586888
116.042722878869
117.125736129507
270.420025497982
197.702108422243
267.97578908259
193.747678350504
266.74861253981
223.664913625299
238.83302353698
195.254175769391
280.276482805317
159.645957719611
221.902463025719
235.966423569423
152.999017146242
115.393019828248
301.34114842838
273.111075032272
206.033216951203
305.927456021467
154.81718592925
347.244551376293
199.160764655394
337.341844970864
190.705228089755
230.106938086334
341.845072282
153.251435152125
189.715595916783
246.917987542528
197.753774940763
278.00574566402
234.494673333486
151.483938095671
303.030705874147
186.501616402865
232.164356039637
116.782240739286
233.342003359426
117.816992345889
310.334423631177
189.756689162711
112.553251142069
307.401411714264
306.890786123123
338.217629428145
192.696434652326
394.102925422972
189.941511665228
343.400396053631
362.466535970833
158.181995224417
302.495700996256
241.20030469201
230.645724761779
338.320177905653
311.313886353406
265.449272195964
150.597117127371
42.3729654309227
230.105054488149
223.231015264277
314.804918596829
383.287814488814
309.997873515511
184.202204675782
314.733267436305
301.778464274475
308.893292053586
152.054084540677
340.732029440246
194.685230876417
352.997693442001
185.963591549435
336.895650262974
153.890220806103
280.31542871353
227.117519647392
199.432658266029
194.127782841256
193.564579250306
214.433593367243
239.251981874796
341.399258985579
315.092319071028
381.678660448012
236.870024227932
195.36862271003
123.121063708548
300.838067732895
307.191662641141
274.657808924764
190.817102508772
319.287284665225
309.678925361286
277.8567791213
269.901332267952
165.661022686561
155.583611565281
119.187356254381
379.261881101803
237.144961175416
116.478977708488
245.597431697511
393.737005890308
152.375081209295
267.507567143481
79.3438683455154
159.940749588191
241.510211717332
79.568012783299
300.581007622467
233.803256093578
187.751295836905
190.36471776729
380.691675991602
265.516440376051
314.545425347071
154.782462275181
113.893402052664
308.297680536745
195.117417058673
308.04299848176
195.49248028681
195.167940442542
302.147380577243
162.151162939887
446.286860297416
262.874456229715
280.82100717513
275.924563053622
300.363348501578
333.724734056626
236.772640340892
346.636883624417
196.363536579266
414.007537554447
239.347339454387
116.30044760455
188.859546513941
274.945537593913
381.8398818254
301.681209347606
310.630748499653
330.789830214195
344.155927602871
159.132369227082
426.61588993279
342.095014693426
226.386170176079
117.727187544411
269.573485036334
235.137203562804
124.882746335874
160.32643050891
234.775689312355
194.191703606293
78.6980095192446
308.722153720858
237.565060416817
304.614778464395
190.022467476505
279.142582666547
79.9459131411941
150.877600504358
151.098967200903
229.345441213878
305.613932244876
231.663735315235
265.1665074263
309.018943220889
190.894284889069
387.002056596495
228.911575604572
266.668389870332
305.910467721765
265.870094686219
267.132214348502
227.832949643194
232.649071796612
230.65258383781
224.091047156161
382.346004093554
388.411270635775
227.428857246945
338.159085184783
262.216821535501
243.413939071491
266.936649912241
223.766917660545
232.270989147815
302.482515271954
124.300527535025
340.850466917358
236.70134101039
426.314406219015
188.291314497464
195.599540183129
313.357228174686
159.628213459074
114.132148832906
234.839965684063
235.939356955332
232.605532143871
198.827263696563
343.899235249161
229.570908373608
194.496807260957
267.901764349179
191.891501701291
263.636746657042
232.815693912712
191.855977753452
190.319348065067
224.833020700382
156.94461755432
233.98754810622
300.28026036931
191.093724766383
229.931335645728
75.6315491120452
191.081749716858
237.191799515911
344.823011169244
158.983634351218
226.339698790066
189.448740226695
304.049876440273
151.069354403901
261.556496746121
39.5535823618376
336.316740669451
314.065905626391
264.932338283124
306.145468534111
191.101723980146
77.4954123588712
276.752039481637
233.055735709281
303.241671657101
218.776168109803
308.727467731587
238.957406648242
200.010025810301
305.750574243971
276.047221661094
264.381282697777
265.202788361786
317.69684527434
270.9084753693
319.950941015562
271.556903091592
271.719884401131
115.247028814342
228.746942785997
371.595505565395
261.305268505744
150.823415855296
194.26108874339
186.563666105616
201.242391763541
310.88230717822
114.486504780696
305.743450960698
225.106989911514
391.081630861624
40.9251021791365
275.103452460207
237.294155197241
235.395725565869
156.907729956224
240.352828214403
231.673646187831
195.599487869968
271.807091706392
227.531373425909
230.558505711276
269.843818391036
341.434786867567
231.032577897664
303.383924232277
195.506424264233
153.780065525175
231.223752700505
119.862622923016
224.968369034756
321.935499471307
272.918645563604
158.147999233251
337.309513866556
265.893042965675
157.561673677337
189.75378017393
194.487154631868
261.883883866668
202.196090737
160.413440705123
385.177479245845
160.375400178957
120.099413317617
265.978886502102
241.68019596067
192.775670206715
340.872061393331
305.938252049616
273.84254023632
196.580487509493
273.70435137972
276.209334197628
83.7948664368906
118.390540444357
299.158812399301
268.716622091733
337.852909574276
305.887550594502
229.577358885727
306.258018967421
206.566205743354
156.487449759434
202.619567215988
206.023030712761
282.417562164802
390.54403405163
223.494988295312
227.004671620689
273.673298415487
191.139857601984
350.061806493489
313.510426525813
157.990944592113
194.71142190865
311.636485350345
185.567303662703
305.214611390085
162.815505373067
352.166670397744
194.046349242128
335.426558975082
230.993936064703
192.484329878332
154.648091341575
274.573851545024
296.678316014084
113.853049434835
196.305972760025
150.714133902402
194.81242312871
312.640400124091
156.019752624733
307.449434451978
395.590798997398
277.587088316003
200.76157005432
224.895093092709
235.092634523232
201.745890888398
276.533386754053
235.646669963825
113.085424706641
363.116255192961
203.902964367719
119.281184148575
164.355290116968
123.799219005723
224.447091980384
224.03464335436
153.7524454933
271.033009984161
272.838206990011
264.965428809848
259.889612030377
320.237753422588
194.428258270993
319.654318553231
197.822059502866
82.8052338739114
346.357532767146
309.302731545683
303.007628075325
155.261072725129
244.422654757658
345.74432196039
156.505752088855
224.647076365776
279.676237710017
325.172285146711
352.499245687988
197.214909358365
270.033746721097
303.531780969317
234.248904204735
189.673900438364
385.74531886421
162.615912962252
278.213768783338
117.947828812445
263.814747183301
230.110479027028
149.215013565102
235.021787493196
341.517602222877
112.4667203826
356.162398553571
349.112460018017
301.743642803588
158.693751943914
196.809337089311
194.786514994872
79.8852258083196
152.890550196971
193.490488689821
267.22367772112
193.478293009543
224.606119581643
157.185485896928
189.767486415629
194.750568986591
235.346807429327
227.72356034395
269.423779235103
193.519697317521
265.689789265716
338.840620109932
240.152349057339
233.301973068915
314.160149996902
344.76682090964
232.856582964855
158.464050880586
117.531263293596
121.678936538412
168.645194735084
116.105638699506
117.729247589495
240.189275941008
299.526057317099
154.554895995181
195.826897331802
153.738743262624
118.497037481086
351.856778070413
232.381366484779
233.409443787668
230.281128608578
152.664018718403
264.977988082462
159.073504993585
198.617261493098
309.645780305496
193.488510081289
305.180931906967
233.772691613463
169.84262848972
158.626966038273
81.9859016919825
282.330379761803
159.974981000223
394.410766600939
238.230678989749
267.77671574198
187.205682318811
270.48181772474
347.482770804243
224.373818101213
154.707900963323
417.60168966135
310.439182483087
225.71031473048
232.724244288527
264.069941204198
117.714433745902
112.855277365486
463.618724449498
295.192926443615
224.384962520914
375.278168697906
225.573134877789
186.182754121346
117.287937289851
239.049074802189
264.060034182832
189.512532131532
233.980319633333
314.386990300692
415.116890690792
228.71374128682
267.562004851317
190.832254575403
344.979298517378
127.028275222338
79.9514453171702
234.293424098116
158.990104180655
282.26832213681
283.283998669098
262.865180875825
200.83076807348
152.726826550713
226.325528284804
268.895792352789
77.8385261646371
343.413507223514
346.414201970843
190.789172906041
120.426083658983
196.574315712037
271.968888940756
300.631380934782
355.902647211537
192.78367080446
113.912303215662
207.743258251744
262.486773121896
223.962411374519
324.30243793866
187.491814619604
156.692852393487
309.808462322116
309.722942663298
265.955537926366
193.50565738652
221.107562702897
317.519776902059
233.739752520853
265.57079035402
159.324596134677
238.366867730695
355.824267590278
316.886007519683
302.158480115005
273.541921747584
259.997060482143
272.850867615267
268.68796035559
302.390446139846
192.448078181018
228.107366042317
264.712633922381
151.823031788783
156.049016345616
193.390788475038
280.701921073316
273.280304498877
230.227651133591
307.614432962305
262.160357034322
190.338053526141
124.726856926095
153.896944696205
334.609128522467
239.100813202856
192.457940954092
500.468100970379
238.321736391904
189.664054068319
224.544774100137
298.196678384637
272.850656925249
185.892278036294
270.67792738909
283.446977843163
193.096726183542
225.909487238423
112.687532314763
151.141482373001
189.671247302593
230.391025848929
279.562238630062
229.777219939088
112.645493842511
192.618110545939
189.620817615395
119.716883784904
265.826066787449
412.436885817083
115.1463491565
361.658677757734
450.170465087831
156.654715847149
305.180988286078
294.850595118512
309.231388060742
273.326551948022
238.242982339363
121.532080837801
307.327331446812
312.054895690991
306.655146926851
188.480316621734
228.861953143979
270.685960167984
152.240239820861
191.201993617017
191.73015146047
112.744127673043
160.159046552128
312.782450448558
78.8476969841036
268.67717788264
199.89894224389
122.667901230793
189.661581448919
304.320194507119
242.930822628818
232.936382348565
239.527971975315
265.075769771393
229.706322652957
228.588756206941
304.787572061123
241.043386832691
228.834479676979
229.215771672259
232.094618574471
267.739244153867
165.901057857333
225.284484397461
153.489717174739
237.758539590067
204.182607045361
274.194726332367
245.358292594457
261.687892248444
150.937031970019
265.543474856112
269.596572397812
344.1310032228
160.528911190592
261.608313150169
114.146765137634
40.7864162138885
193.306387324724
387.868829009988
307.620105818351
122.506235860609
206.256795195045
84.817670854155
153.280728239256
228.810566530712
263.897161812611
241.13078124055
263.120038443159
263.54500609015
195.154203551073
115.027008940776
270.998476469748
309.814996323062
427.697157390032
152.397677828116
249.725491684769
222.827240987493
232.532193347098
160.55153097724
230.156559899237
80.2502375446329
274.022140174773
262.872730485967
235.509516925344
304.855500881356
305.893531456893
191.780051994088
189.868558318173
229.725540738633
232.111576755817
302.188386881292
226.635034504612
304.065809490297
161.261306427845
273.260008916835
85.717880694401
228.144964135521
269.178240040696
155.823365603228
155.809259124436
306.466640027617
189.596105783677
226.955397753081
158.098541537374
303.506423583179
196.455243958126
154.292461666101
115.527511170776
234.601984247647
117.698552364349
306.696921817158
190.539660301058
233.092474056874
422.372326603162
193.726909578198
201.408109844973
79.9771815818983
238.182863780636
308.465398830691
265.478993760107
234.339542523461
338.476146532151
191.490842367359
150.695847683864
122.828042471062
190.504679693908
310.793098589466
83.2787790993023
225.369538032774
266.066206845572
270.586149778671
155.830934943606
312.212219304347
285.681414914576
194.505862948748
233.246522550813
376.197455107279
196.101943820101
268.54812769538
78.1297670267394
193.290715375535
236.39977252834
261.774203030271
243.563679035525
192.467890403763
193.593249315033
310.140525574341
192.75257313743
118.795503679674
230.916507137924
306.391887878216
346.163417387941
118.22868282902
115.288925665867
281.298414036468
194.638170851227
308.191698076373
275.202654010215
306.878496168124
153.675868245611
338.913006472761
276.668941524491
229.341540672467
229.980125673319
416.538774906841
234.973532887421
235.583673300316
117.822879491254
269.757140719796
307.354793000748
230.629820574248
192.474890676345
314.066748126705
274.511164756124
153.506673621849
155.669984117413
256.791403448289
277.674595269968
152.948761428356
240.858268277288
270.336335017528
223.431337194579
343.339858159869
344.32321115117
317.591083720851
300.559588162736
191.542297623588
191.218602473439
261.081708645015
337.176162662562
187.577727206518
264.014891341548
347.394931225941
192.204671452171
236.831639275574
265.606524358931
225.541884063534
155.946996062384
189.228547646759
155.889005779772
77.1635146549499
262.315363276296
230.789047297574
271.561883856856
264.552914467194
346.06493167995
222.108209140985
151.740306614385
265.706311367622
265.59324906185
231.339304517736
197.198542124314
187.245126895068
234.321721488415
116.791126014479
229.005782861957
154.044507603226
297.199860969471
260.207550515648
313.375332821916
301.964634446901
341.232626546921
165.729717699236
343.986891909111
228.081887876653
266.723801767957
193.771345502697
342.728658601268
266.074598621227
339.37817631781
268.562653304452
308.124533646502
340.603612181606
116.127361739173
119.356306681863
308.383288036297
191.473222578599
273.646319678997
298.558158347835
265.007297370727
319.265196635046
190.012451335452
385.427614536161
391.203460998452
296.729242245742
192.134163425785
378.500380366613
192.547718257435
198.111527756449
273.500967121291
196.341234382357
113.819997366939
196.620865645458
188.159461317426
269.588442676427
266.804800137433
229.374725889714
267.720796465846
269.399430427602
191.461434271265
352.572648857851
151.71577969031
395.056974938723
237.468767976279
189.620516960027
237.543114299658
195.119657017651
384.839842233479
186.482444314236
273.193780672932
267.926943016788
201.842384754175
188.129163541749
117.48779566427
194.344220162644
301.088705434526
307.799533227177
159.262228947095
347.386385341126
274.299918567262
230.980749266728
304.478258843481
273.385269601145
230.483902536363
231.174126107965
277.012410912955
236.174433947647
116.332397484572
297.655107531664
250.066095151196
201.644678265766
228.73669837181
274.633957614006
389.84800949431
232.748764810502
152.559194685071
235.336403130358
227.511986002893
194.18142661668
342.805338297982
196.243399967411
228.523001639464
270.974863949874
322.624089086547
116.821766728096
197.711824587747
190.766470596856
235.186057997673
269.277205822772
268.21973407978
151.880745556346
42.7164153303269
194.418883599031
355.248290683845
157.251601162614
188.290620907342
158.082741196167
265.448603961579
263.190567516581
193.513397314704
76.5253079901836
120.549903928916
194.808381182028
307.649506057742
228.043922978378
309.469538276553
369.299820349195
310.826312432176
155.530961568473
158.934353023655
305.978228137774
277.305040649901
231.51009194857
228.535352256559
161.590213634577
188.53925869972
349.099927724081
158.150591286284
265.191422065105
193.677148170489
116.910524128007
267.80609525143
228.074525140531
282.796855173097
306.166198859454
226.898626783137
359.618639659241
155.414497740064
505.988891192037
269.518995473752
191.916069722803
230.382822073231
319.35688577792
155.026219351935
347.300751802068
198.627658286594
231.804345053973
234.565875822583
152.654102387755
118.305973115931
152.149533700074
114.584989427276
196.450125746867
308.627893844442
234.317958117031
233.021988517087
150.255260203886
161.467112283025
303.837624573982
149.739608232011
266.723615271246
194.468274821643
194.604257971008
274.533842306796
159.717371808922
154.416841433796
302.606099020674
114.881682123755
193.788932533047
273.286412024551
351.086732031829
304.205451983864
232.770612799604
278.352859774722
234.879243650066
233.21370746656
381.059085864343
267.429823762109
114.000275288916
229.38603309871
197.779971137144
151.798225868139
156.283615487361
234.296082576362
191.323413688247
190.312428466729
197.89665183818
237.331215851334
230.881112755877
79.786369311949
349.298669369608
203.376368740846
440.702890995282
387.444007383676
263.868433439353
231.973797128421
262.47686618562
413.946775516931
152.21256901753
159.576556607747
264.884840690227
273.414316113242
312.049505875096
193.728036606989
159.079576284536
193.731686996395
269.977970566663
233.330872618579
265.931353236363
271.622433450792
349.051957890602
189.099676911436
356.85610574835
314.102140195427
235.507896511136
302.014982766046
193.228210087432
355.550712723215
303.962527802393
156.313429270327
280.125302609024
112.752147667713
271.924574946671
190.924919859931
191.480992454605
229.432920368855
195.979826162636
82.3123298954867
194.589810105266
119.543597482223
154.314992958124
380.47668296199
259.184843912764
337.949076707223
234.174400571739
303.18349173149
267.250751350882
310.408865069749
259.274229483676
394.896152608582
198.410692862972
118.96242761219
262.438850094723
154.015917429791
234.96121714086
267.06211440829
159.530347257538
154.530408572469
199.515357739289
267.291988090519
304.97940752019
167.466923913756
198.504262485238
228.158936267468
232.125994642214
266.887697869347
147.147859627871
224.149731401093
446.011938859476
226.508112109452
234.721871268489
261.518268074935
186.986414623737
237.82233943876
303.312406952787
121.16486944119
186.130702410431
266.60773805183
311.695843726512
116.168081226085
310.012579553874
262.89605645597
113.388395723396
228.603864160117
318.89131187207
187.959441654846
159.192115980792
193.922743690979
380.088380653159
151.44416867
298.300525864582
249.185509888286
270.6959930161
234.953366106967
152.718380057231
270.624723555586
120.681749329961
155.263643223336
190.772381150055
272.236578064474
188.309405990793
80.0644894233685
154.507280674263
241.20674798916
272.841038976659
153.638183602555
159.55038424173
262.92444117307
351.336827250864
191.533424188837
265.012229515138
310.977200670111
276.476552184255
154.683635944543
119.354226776177
269.194962063364
389.468665801855
279.05549846714
201.099794702
166.869808638904
262.037952793558
198.349469887338
189.39387229296
347.070291739973
185.908355255574
316.00927588121
122.213000238368
345.683748427879
406.468914181944
237.850684694061
230.071541346745
80.5031452140063
115.254197244586
158.194614177037
270.335709198408
155.904360658636
200.391545624147
190.541033261371
153.231234557097
187.784565187143
328.93310259591
303.210254474195
196.009321262316
228.485934424656
190.288849723207
152.96861372397
340.097310748392
153.006590067332
196.887308160998
276.178599141197
149.993570118423
261.233044993183
237.497000534413
194.226097052673
270.961226903604
274.629831709691
117.347423203848
149.820581451462
152.474117118466
309.389468068517
229.454758575992
314.685084456174
231.471434312965
121.771628536112
486.297818610207
203.651047058203
276.641449538939
237.61700191379
189.529424563379
231.633767682954
223.780998468048
281.178224019324
235.120906487784
195.492659109379
117.102922885106
305.571804490347
342.312982532528
79.4094444948835
195.847347840846
116.252035123961
233.47244254496
271.981913521618
191.456530437226
306.216944684385
391.135275038792
266.852861570887
229.107158946268
157.734308397475
195.608645992663
115.354787177522
189.355540233842
238.676924649081
232.639426362959
264.723018969825
116.92037844238
270.012725146422
237.23115450022
229.548983769639
234.482554458124
195.907353405036
269.221106430525
190.533854444142
120.833437854384
304.334918955138
227.890985151829
158.4749973972
346.189279797265
224.385085867102
115.253778786973
124.009338674836
226.270830701737
225.978013867356
342.928478693413
115.641495539282
207.678908308732
422.855477801129
238.407012356981
191.611163627336
187.739025516831
193.809618092162
271.682516390247
264.198234008627
268.208061383984
120.62953357336
300.501365803851
307.870293078368
152.100387082634
337.150424965038
152.508283039397
232.570366818383
189.227904267556
536.532205811141
152.347908697399
186.711906050707
192.190687890724
189.247554181847
230.225252906027
82.2084817148123
113.466472610857
157.827821218362
196.947378754819
113.685378074437
225.325042095783
269.963093508472
429.546631615977
42.6576032834001
291.139678783444
265.987700819281
307.24044795588
234.372513021209
201.428466366798
187.123983477679
243.509758327552
299.525018749366
308.688705598871
151.408791540795
309.056225302563
271.672046189815
225.779675442045
196.053662213397
188.451312262404
227.577461760297
78.5786663032016
309.57572977169
190.58224452824
226.662584017481
300.203417426531
273.590218454142
153.881879323323
156.502132661407
229.417162157718
194.105358153335
243.08824445657
235.467338836517
228.871184255161
162.55283693252
303.413164121216
231.018851010164
203.795431909055
195.902753137729
340.48808382225
116.912978821218
162.246095132394
233.064598164664
272.441927053546
343.98040960549
192.732404970611
353.977770493507
270.12516832896
233.008882706908
235.250213432959
117.082826705277
190.346766258323
199.827049928823
163.676767058157
409.184827521963
232.233603823332
386.120978378871
232.182617698804
191.598823552558
186.989106696285
325.848519905372
229.004231062329
190.629230646448
194.711843481765
325.864761348353
376.999934073231
123.325301938252
118.295999181566
277.186364835699
377.352893297954
188.418527055688
192.455155526835
313.867669544541
229.12789325947
268.544245094667
304.743109327155
156.77842129188
191.800994904007
191.201788243844
385.216287907217
233.400568418687
231.645171149468
272.045152601661
338.284825031629
217.528661923796
261.631561730428
149.166045426489
190.173841882888
260.276620929785
228.005911878532
274.512587951422
235.815714086596
231.824517712703
268.471896226294
117.913771540897
284.489473420733
227.848624318867
119.843330080447
230.076711457832
151.274329167804
191.277492240345
150.783244308897
151.827261058996
306.974001275443
351.523497537264
194.053321040482
151.299426868897
376.566333383194
225.314270722229
264.396883816467
264.733783008418
263.542479518551
153.162104975199
308.750282710283
304.656676520999
195.983518407749
188.028456871489
264.862395374246
188.783858576661
223.141910534596
204.49721054848
307.5807555831
228.876146247014
302.364947286231
224.033839618439
189.82464762229
156.085800997672
242.276160618168
242.37808272942
227.482150446779
349.414287549346
225.129106825408
303.883561412408
226.265980967353
275.271851044611
190.337409897013
116.57578880801
376.365124626107
240.275351489868
265.500959593739
231.929681010915
195.240955780111
198.311837037339
204.680053928108
79.2045373713681
368.886445374418
196.286471138076
229.629626521614
193.012532334284
271.212447398629
305.150994978693
349.619339826922
269.939659599721
40.6563220102634
188.723042195745
115.63942635678
304.178443711896
265.319107919649
234.38500561981
117.226201882917
376.673981343777
312.020613191174
270.125865473022
233.384243879161
390.101930618591
195.765472475296
272.125556676953
266.555654146153
230.416549206814
305.437762978765
161.884635277306
226.974426339956
189.401025695426
263.176293067492
151.145668733549
191.675758545153
230.443162698923
190.204271219065
234.552571803347
157.394867580967
339.931461877058
229.968361570145
219.865114753537
236.701398331934
273.695522814552
224.031410867891
315.65551181303
191.118632425338
302.102999695824
267.33705421716
115.669038766227
303.369767548604
193.193823033116
161.205643522518
150.999621746594
343.450241212761
79.4079823490597
116.72049370979
231.517347642428
192.01269459221
337.76475319213
390.921156822158
228.026926837423
315.904271829892
260.475093560526
227.538179975828
303.116353013248
118.957270864409
193.683893052411
195.582302301727
313.829014159858
147.354887280649
148.24116142374
345.493666091129
268.354951356247
241.214265101412
227.338660407729
186.212156479721
156.506082681264
150.183085539763
158.292047260224
119.980292755377
302.063322276373
227.102435622988
345.095455044596
121.011634449574
316.28831224267
266.180603180126
342.377479317605
355.552989084504
153.952723362461
353.477545646218
197.279058834114
191.883587550197
231.878457965606
226.766334486238
209.918069346693
277.947072549251
152.34476626622
147.709056129387
230.976555916499
304.527618875282
235.104846434986
338.353789577794
163.630589779575
274.861446043892
261.430299243598
257.063576538492
192.91680131179
118.938608398206
379.398252572645
341.367240829245
347.226228214702
344.228467038694
230.883776860993
154.374851033265
243.733849730459
227.661786009978
224.888118003206
191.991463956402
384.97673355366
269.649995781005
244.955500108109
192.144853423492
305.352673152697
117.369617477746
270.375544030641
227.879682613379
163.422743565186
266.008466569645
316.46139754778
301.515899180775
393.646187648311
189.928189772349
270.423604406268
153.952466377007
304.70222391388
296.641500801441
157.984923353566
188.526224739405
335.008293983726
266.027984707057
342.013705176047
157.672855793715
334.895722879831
204.973898782813
225.96295699653
160.770680019775
226.307332426278
151.642372287271
195.019989268324
160.731840081738
357.341283272181
277.185694979259
313.890291122459
223.964574585979
189.324914859506
313.323585063485
225.183748549624
226.046187832068
200.851778169134
233.838928312877
268.82360921549
281.552820952111
155.996227061089
117.827825197531
260.548372654887
242.479904010553
383.688246353665
236.489352248793
113.192373272087
260.906804913358
154.480186869251
274.295825910655
351.227472974323
237.358002081179
124.593340182682
278.519326035267
154.097146451486
195.450723476895
272.655371525548
146.862809092705
382.381499603823
229.921984649436
152.455883282377
269.492326508425
349.465771695367
187.252537921193
193.567709598175
378.306400023355
235.720068295862
295.199285153449
336.484395171168
195.824663374504
307.315504892674
265.322056833943
233.997617614841
157.868036936149
192.393523662046
193.744523103826
261.64292324563
271.616841898561
271.631511123293
154.122849785427
196.196238009553
114.633672302548
159.330451059167
300.230519911153
231.465711271402
258.205099206818
306.638970330804
266.979123105823
276.190092903791
79.3182837964636
310.47979291191
188.863012555107
186.205694850323
201.537005578097
152.369140268751
347.820358602997
155.434771837439
277.866079561419
351.63062415683
189.457061218149
191.1342955311
235.169801446695
205.280627150923
187.732010205437
274.036743871135
114.408923133626
168.008698734791
297.682823513257
354.394239701516
156.221723331178
300.29245293743
376.074805891317
302.476340611663
252.155737188179
319.041892178904
346.868230394722
191.323057798298
265.293323607257
268.997024571954
114.530732906569
185.825530687083
113.368610441888
159.894767900892
225.288184641299
150.578411342164
121.716491998426
271.535170036458
313.833379947026
187.706845599972
228.633945009088
418.905722127603
231.649946995779
274.306685899121
191.215831950943
267.57013985798
315.807692987877
425.798566744412
204.652903550731
116.734111992475
261.197708336323
276.145554632386
488.071356784056
270.298226434037
229.997191513679
304.212158285894
302.755116844168
226.488396995665
77.8655570759305
226.687913152579
347.725974798187
115.367383906161
237.66293495827
330.370878550905
302.386776163989
226.984997261418
263.679847257944
227.068636940628
225.231285522079
123.066436106384
205.16726635019
343.838154323755
387.67999183563
151.357407781104
265.0978208143
159.29466835652
75.6444488284261
149.509133462564
129.55947072067
153.283191161275
80.4789010518671
227.330809771964
263.095493686914
196.806683835501
385.911256438361
79.1457347782844
236.373906569302
266.20729276538
230.225973202136
186.053673889989
191.326327117199
150.632192758256
231.730801037568
156.940909413579
231.187309137656
158.712392289779
189.072499994781
352.416841390222
229.512598816794
207.61894771451
156.05634690317
189.725445821259
235.933603273122
304.616961907271
265.272604660849
308.15316847696
149.848087301296
239.675813887035
299.208667653009
224.832001654907
235.502259978222
227.455830289356
186.849335336798
228.355362284403
187.64136319272
306.952599195222
194.100049440327
268.731341678795
125.912704328319
388.748168030066
266.534801683011
299.876467581497
114.982686616997
226.272845077231
265.142041682982
79.230196330685
262.949558787388
151.566658119841
158.413971046355
355.465608759835
42.7759446419008
115.814246094776
233.023305019248
193.671909144836
41.6877547811281
235.08009507567
338.444165973199
308.01557029672
269.636160971318
353.700744701673
260.469750937628
198.068358600895
307.225336554827
231.596654485956
152.922499905569
232.176171799472
187.042510234709
316.474573029523
274.973077178811
189.934930493199
277.383336971619
76.4325289083222
236.362272705918
150.868646533095
77.3488654386482
42.4952674730205
152.527346543258
344.10114284609
303.044222607657
222.271301669302
233.863982086888
276.88825657185
229.050796897339
126.772208119123
229.689375199328
198.449190589902
304.271003602288
319.056378126059
279.417093708084
157.782649048167
267.46813960414
189.964315769839
157.210536921738
275.411107120531
275.665636012292
79.0142808925847
279.529769439832
224.747336650544
195.211228563443
230.426973055202
193.795376238952
231.101191936466
190.546409555537
151.871496744498
158.154818513604
353.465515301372
249.461123908165
235.126072800595
119.522492732363
343.89284558667
238.846320764873
228.264499436838
83.8126039781405
227.284997146409
258.383637251069
233.754242178192
279.739984345944
305.967855697657
304.24405631947
200.020743683811
151.417117678726
151.555738785596
380.705796004354
152.069936620647
304.599187825031
229.126079695651
188.31728349322
349.010360441428
114.892818224832
152.927210978152
225.751052272974
159.899690688894
303.784380609169
202.40071934636
224.534505064743
191.00791082763
256.957839489586
232.116333704703
200.804069311178
224.234405043357
346.97359716918
371.553821319929
188.464013409891
156.879806547737
304.089123088547
154.448717391219
192.548837212317
159.135573990681
