"V1"
592.795766526032
546.349804014509
481.623938821755
603.832849601191
543.466949873155
491.367321665935
576.800886376094
534.082340015956
518.21401748834
501.492442235234
505.098174124066
617.503587028497
558.051460229429
570.74646575487
548.58982502326
592.741299267029
530.740428844343
566.860313880247
531.930549905959
505.592784833278
477.998097052664
602.656273160598
595.095598890583
490.107003482875
553.839164972073
567.252947833174
547.372840937465
501.249960115966
661.165563693358
528.623544470501
534.813477970363
553.905548756061
483.991247199456
480.471033126598
593.787520762562
579.801472586302
576.771671205705
577.061307338211
553.834792582481
478.341605522744
535.448931464383
543.516243050905
541.559818802372
493.97827893116
534.81292008052
561.407208558179
492.498764493783
497.839775363517
538.857877754333
537.967716740668
513.174394341463
555.178813630629
567.611593951013
448.322598888484
589.81693980232
497.345248140724
539.445552921944
509.61638573747
518.053023662818
515.577413050646
529.866601626129
491.326036723584
570.78268556838
552.233416481698
515.862183410193
507.166987474051
473.033590625308
564.396100377819
639.182096759116
570.341119575576
537.770094978531
537.549447132299
556.179710220214
504.513659010123
580.877011853394
583.635410288097
533.380203799758
639.870443621119
564.877252103811
550.150879075803
523.60228133901
537.619928182024
460.153221663003
558.429933156639
515.291932316787
542.913548967574
635.363189585046
485.49392493378
510.40780356327
539.478857017587
537.075608213325
530.268814215339
555.380909181956
551.576099499617
568.578352684123
549.526407888958
547.524391254119
553.497344092133
518.596369842978
513.886914744709
556.257471208128
565.81894480969
505.505976096214
562.349070339653
545.03873585829
571.655100576655
530.830769085691
540.322137717855
565.971581887707
590.758337001766
536.224982827317
509.12127877161
559.881196808578
524.145987905509
655.164798674551
518.63168543736
598.537027047587
531.712653109498
514.250709118832
506.476555429103
569.933618846215
559.2571528879
546.617416887503
484.675538805004
468.808832128745
549.445192938404
551.066635914408
602.663084209079
512.35600348736
536.677453515358
537.134047033466
552.862522997975
535.4671799069
532.785821377618
537.852398957905
457.422623083078
509.471300071577
579.986735617321
526.159034511925
603.14910305637
582.720137894833
495.188195019122
545.201739077452
576.981818573855
432.387359211373
503.938031674117
531.475042309566
530.334656449995
579.475272119393
511.04187977322
543.470799956949
602.155739827043
471.237509751671
565.603203925393
528.99562608516
575.714487176921
488.800462473756
553.27588915417
607.826369144333
521.167987760166
571.927061194511
583.270465488074
475.543388587507
467.697657788944
512.811790959852
495.900008369713
522.404893143809
544.990553841931
559.76785489072
505.481801849285
548.650798876548
536.875684684267
571.779612234501
517.750766539112
493.620662961037
516.907119460216
509.003014739655
495.537956510142
552.151966209316
490.937185716246
559.662748402825
488.898603578593
554.809438487749
465.969515326275
544.095850105714
534.928488630213
565.159734088364
562.741934662307
578.73460711594
571.931106684363
512.889999811317
542.62623934431
523.83172899237
559.489865266999
540.888745817218
495.384312549361
557.118608515042
567.579990502649
607.549084607072
574.229725728575
523.422507517802
543.233947130407
487.439172629394
567.629620612475
475.837639810575
452.450047489551
559.047157215884
517.174590157227
558.967286532529
536.08018465702
578.628689265223
489.317020908069
536.351810633561
514.920245511902
570.269360130599
510.861531671104
537.104874307577
580.686278879949
495.062430441548
447.337403499985
541.600262193176
515.565208167117
568.318496866774
536.695291186319
523.070767111557
564.961038614355
489.905912868906
566.501120266817
487.479970249065
557.016647826856
597.962191196077
508.487940857232
497.770147355897
541.91440730181
532.581976810889
589.823018722925
528.500321458745
519.849764977808
540.87281693541
484.56111053547
556.776672134503
480.315377158831
509.815520764473
486.190719049859
582.598094017452
457.269832096292
463.728901151469
527.651117907505
552.305109676521
598.058181264356
521.442520737156
582.888274117397
491.000280311924
575.509068932041
631.726332550829
501.864939031799
541.272086796023
532.107055021323
521.809816280138
603.38971868665
559.064675336497
561.360221225858
490.445038758069
457.660579811239
547.480342322734
544.396680578623
574.875352181499
613.513737980634
546.880586520132
516.000985164156
581.63941928738
551.439574552566
570.531265106966
464.981484381837
583.20773122595
522.514621050155
590.557825329776
500.546608583683
596.945102043015
455.110835273875
577.645960136764
510.492632130603
480.221889854875
480.529774169693
522.225080181089
579.72616647222
579.251720942303
602.811606995355
546.554831315986
592.618627357841
555.668733929748
486.31708989862
480.037821264094
568.455920949995
587.261862340972
530.826774929997
540.066700525185
561.160590903513
539.328183725285
580.177688406045
508.067884823687
495.918243464572
552.807553330112
472.308516018723
592.61391660384
486.401424806305
479.885297263652
532.163487988349
616.227270469923
527.863676110408
519.690886714711
493.189490869747
542.459379336581
556.812861499172
484.812927648188
554.919758581828
595.1262651755
536.530038386001
550.337253032696
558.532520610688
576.870593047818
562.023167325435
507.228890726064
489.498965130731
566.615734726694
521.050138008997
545.481217068633
548.197654632059
535.043934926473
574.059466983974
455.889570780964
633.147472596362
541.362546691845
566.718047835119
565.173771907616
577.107449278345
571.921169508513
528.008582237083
618.039091025131
531.934536147096
617.868406500943
551.855054624356
524.110948595237
527.021203508076
574.303026085303
590.609716072251
612.931015176272
601.372101912837
598.255266510615
593.23873032705
473.449147578561
633.449575920826
580.13212342487
499.219065225477
438.615268717719
532.502967765934
543.441747755383
482.33019141109
469.17918525515
528.641197821548
519.103663952659
479.507675811313
616.979915749351
532.762819109628
558.928280168141
481.134664795318
545.812265992007
424.025201395926
518.728279900909
497.689740799086
526.011059739194
556.97898581666
571.007855653639
530.205753699434
591.315407789175
538.887422134891
609.07591028942
550.814526662241
561.759455446112
552.401946161931
512.866081946234
565.521774344486
541.850120802882
526.379474730365
532.427781602805
515.249059118738
583.41747538171
609.351351109864
523.436605866332
561.36497305609
545.175967371648
549.220165077927
540.228386789413
563.520471194103
582.5138133384
582.91095275886
490.008554131541
590.015134359895
552.606335310764
600.776678860455
532.774561985073
530.179157873028
604.169533152879
480.844582727184
424.227481732014
528.079411340428
541.33168398455
547.259084769174
561.652582397938
596.84997499029
533.027362709975
527.305457521979
543.533344646234
532.496573534815
505.485984337402
498.17698927483
492.881297743319
511.69410057844
525.891576673443
522.358429820725
525.914395372245
568.752998388556
507.74065128872
519.866258613923
453.771843542547
505.0460657727
514.449301259426
590.132987533263
516.616899134399
576.699555530385
551.302932989695
552.882071647393
469.202879107312
538.536486931468
463.569060190534
609.442008077439
545.374689586468
528.876635024704
577.220877226703
534.899366869329
472.74708908377
564.027425831453
522.876188542091
542.746581025556
506.644166730763
568.179422026325
555.635475297913
505.745296901065
554.696691814025
504.88327300608
592.340121834471
566.822219224468
587.472004869544
561.56579538387
580.838903722594
580.5246627823
537.750733896222
502.017669179108
543.822551436886
595.9949785854
586.828918688641
518.107381104854
494.801347218373
528.272241228756
532.785360556969
581.737141581207
475.133430311039
558.592938151989
545.875277110413
618.757076549281
481.183916252231
586.097512223505
545.656907877155
557.977286290587
503.44017681372
582.852312046564
563.333875024897
536.014708171303
557.442060105657
524.599022670805
574.913794356066
519.394236912718
566.617447808772
523.120118370427
570.413540414649
518.631347234284
532.583862447843
535.977283770573
462.452438630303
551.522821967601
611.777267425505
562.92466109508
527.997175917808
610.385473292479
558.76849381337
525.640924605041
515.929139693823
536.688487944629
503.506869185776
571.074118550239
519.350096537819
582.768878354294
539.944055147254
480.244399634478
549.091452981012
507.028750704971
518.519130100483
554.719102179864
523.531851351336
609.806868286714
493.60721733263
551.398924275614
584.745053666585
484.154295500385
498.658676752545
552.837487681623
565.663875691961
604.458822396404
587.85989032409
541.677273476132
554.759335323472
518.346415475668
486.009401945144
525.238499521048
530.112656340219
592.021786715879
602.502945609294
537.873175554417
531.836075474637
589.838442168934
510.963360444474
572.477240320883
550.390091036348
507.530580884154
537.32837879932
573.352238790451
532.776958510854
578.312732619973
515.782141195305
631.384290558647
528.099520327725
593.83456530277
483.75007165485
504.761629445506
515.062018549155
531.812419146123
567.100813357031
438.487863557222
530.119280342869
487.076273273445
545.910715956074
559.483653235346
491.830221311582
566.103110762005
583.846529361804
541.483150673889
512.996646847318
541.864018986313
550.441184926972
541.453527071313
593.955849810985
545.871879389229
491.703646982254
598.007198747537
538.519878546373
487.275834230226
540.208448172767
526.346629992431
526.051997198511
548.471817900717
525.219312880315
581.995915879843
546.796149009899
536.204138693165
546.455551411571
588.380987281846
515.181367152205
619.570661589827
514.794093340947
460.319733839443
566.774476260705
559.329396162818
551.88493060715
510.876428097079
527.008238720403
604.540228106819
492.89952640303
500.080470511403
612.263571741131
552.824989065897
601.887436478601
527.3139038541
526.703032838336
577.270831394288
528.024410320553
497.450929242768
595.587555294645
528.044231573273
549.159475496506
524.188787881717
568.512499430382
553.928999422279
443.873654218016
573.496595050994
567.870802229017
459.248942305466
603.011850151372
577.661608252041
572.911130174286
512.654810638651
523.490983200572
514.869119540426
472.560740936644
520.032322282481
462.790569115251
567.500004924895
493.773655501513
523.597077347407
504.077119694085
485.305188015252
545.342951116012
579.519992886222
547.846818977963
586.001227928209
505.865739944192
541.664108433691
580.221787425348
548.383494830542
507.7864907424
589.803056722244
582.872082137107
542.528385879863
526.666660211019
470.274279487323
480.975885059508
492.721713497451
465.629557591079
462.048022126681
543.849375730053
567.665199236521
529.98871655693
531.463344221486
476.209831112407
540.346370501576
565.110745816487
551.025159153253
513.991979918112
559.97856513809
453.333695320424
580.269478755815
521.204063418996
500.066942068706
561.312159083924
495.552995317669
561.327348793131
526.265858263982
530.867783037155
504.70311005687
462.665568104947
551.670814335777
524.526071550882
625.486638611837
572.731357742276
536.283448704134
539.810772620996
563.989864821092
582.4880186755
518.664484778364
465.050289363764
649.20740466537
511.908173319652
544.466772614538
520.781961714031
537.130328004024
504.285676817065
444.870640091094
609.159768631292
580.523847398804
540.434760243512
615.972104854147
523.825575216999
525.740888054783
452.811135701985
545.763211973856
591.634836597768
492.450611221109
526.063410443926
587.410245668885
624.591097263072
532.646558190272
579.125682070182
520.459963399939
591.972083873801
494.049367641794
445.4060064172
524.62001206925
490.14487195364
592.529526188622
571.060325089116
538.244844749237
562.564446828583
503.0111836877
543.555797209908
559.156877571699
492.525798604399
621.247531848822
571.790802068052
525.179013732977
504.337500470377
505.936796933439
573.806367620165
571.533299615729
595.384489836651
560.816100428297
529.640487796822
547.702164184042
508.781228837057
510.509528047105
578.151216430135
485.85553640363
513.920004811324
581.594756436922
596.888020284578
582.480687729879
521.494774906348
521.044585310346
596.195957286133
539.122501119895
563.809062233588
507.075865780962
555.561394314145
580.277982344531
595.64206185053
567.965459629496
586.542927909021
554.531030669684
569.65661568795
548.683871894747
577.916567092434
508.057701236384
540.791828124037
593.600692279991
517.287142915944
505.039243281862
528.069882640467
549.575228096974
536.010672382103
547.203708618298
542.142890337901
555.138927781958
514.759495927525
505.541995639431
512.895426186453
602.010726874306
537.64243501866
549.17553264914
608.773935483894
552.420915088308
501.565571367518
568.587690262285
566.71832691775
541.166208767599
534.684600013564
538.05236608217
529.71343550985
561.610032474078
555.954851631249
492.902881289019
488.016281783715
492.559771436021
523.775638847163
580.712893001106
539.299172233429
493.180360707126
505.798574875255
506.681648354044
479.980132366741
562.987585463079
617.166295347939
487.075772937743
587.229668117769
615.574094327681
507.549870842949
572.567586513429
547.315143567342
582.834105031102
557.920008562182
571.750949848245
527.720922750067
590.114960735607
586.165882963451
547.604321123099
546.182814703637
517.776686667884
585.883085428444
476.369407415691
497.287546631929
547.011444896068
472.437046806899
499.166860985072
575.731244612448
485.446393232362
525.201777286216
537.46154827654
498.379653155763
481.940974159226
535.728722480894
547.965949326509
536.443234699385
523.273915087535
561.217787275759
558.485172365949
529.013116340656
554.634403564937
498.68565872103
506.502138250903
520.479301658832
547.706002366255
516.734954411936
525.780123624828
517.838863257684
499.129803279015
521.346165910571
574.956952558989
541.439416497292
539.847304159772
543.56303611719
476.975239993417
562.065615354562
550.054037170705
571.052023631708
501.711319247375
528.922920099272
513.994937762805
480.933114142688
551.358289890156
583.732569860727
562.041647950621
529.93572397147
518.984803975941
481.099353093899
524.602439330246
502.715180220562
542.072579344601
582.193955468899
564.377864000247
559.955735689421
502.140779747097
466.813271302925
540.079700962084
570.988508390998
638.121113176594
480.882459942344
535.040543046856
551.480103560483
561.572770737905
553.302919114258
521.480716407776
435.522353845166
546.899470577555
554.730943162594
531.819383568976
534.500621058131
547.85090948954
544.431002850628
543.2710478667
500.46617417918
534.200508844912
546.59989737343
539.728223827223
563.921341794757
487.51462728325
555.635537470614
499.68272298085
550.07826083407
559.149074624774
514.448791901975
533.713420955791
573.626078029689
526.428213289254
521.76323969594
505.575944898804
552.812810156178
565.822818668285
475.329976641362
450.929751716971
572.60767192076
493.731863467794
562.912044118693
519.116618443306
559.565936553119
581.361019739035
549.216082030725
513.04068472783
440.984833482796
545.308662000488
589.351789524518
528.936974753303
525.079130039767
588.20330617451
513.592934442725
497.769276421142
509.391047847801
490.412774179298
592.170569527443
508.917040905405
566.500772818641
578.376018528601
574.517971253323
499.281152708848
565.545233759886
553.666074249767
523.941130422227
553.705910266895
622.115920297769
514.256231725102
548.029227903158
455.957599689801
524.187997774172
543.68654742606
501.107633192243
572.703163092815
519.305834494289
528.733892673493
574.536553788311
527.343035070878
518.664507456093
541.153121249358
562.815951429332
578.171400236474
460.078950442438
495.521659103073
579.157416725884
555.2206292438
556.19947807748
543.984652435797
538.741635358696
509.811370197219
592.033342106301
508.569496752919
568.876951808466
573.31840808691
616.428271141678
553.463603295641
531.955004537316
556.926890306689
554.053075941741
534.942806998612
554.428808092579
526.273009010678
574.700136291743
567.849006455052
487.372469394145
534.23171949558
564.396612607189
568.358505226432
514.994808612452
498.175134244078
548.165973674773
516.982895610602
577.322176302346
527.545765540313
571.322881905307
560.184995936433
557.407328180399
547.822490151098
552.793523627752
534.342778150483
524.381962331091
588.578458098006
598.216314393383
502.818863909853
501.79734109027
571.126194798622
531.722427771888
519.549680439892
530.040875130316
509.115905358656
501.100843354404
531.268800500656
549.536468876085
537.467158014628
540.277140487816
602.255386816463
513.509699491407
517.048128859149
553.178417816116
567.346249830268
522.519274355412
519.041917804832
506.87278975356
540.429681585395
504.333524325741
519.381380454142
479.220519655307
580.191271621287
563.170439649154
550.674907755403
605.952193306206
546.529757595684
492.852316849441
597.289353015937
562.402129010962
509.123428071133
483.654006232126
575.907972197144
549.42404974172
555.384955604941
548.778034227757
569.736729306855
594.035858718261
539.323026337133
482.007091828618
584.129283596618
535.369960479004
555.657502669359
560.520324504734
560.835296021951
583.179924056629
511.933295134185
583.733942923468
620.635119721343
569.892703178336
548.955129550855
561.088574027748
530.414503084683
526.977575705857
574.768169102917
521.40771683067
509.471538508351
473.887319538526
547.362636165385
559.351674378461
540.640681770908
545.42703147565
577.833226574787
560.781223884445
518.778533995536
600.233356372233
472.909808912537
617.90933118537
548.141908960996
514.374268816349
539.827934482219
527.56493055046
616.277302346166
479.053947957648
582.972073854402
575.354763292819
554.941982027295
529.240286689445
489.781936509181
554.419832446152
557.752605693953
550.009267900073
517.143402787429
618.28083524563
561.986651689411
573.837622714274
569.236565701499
540.507374159686
522.954309744373
533.369697467949
529.89512508244
578.801364020878
449.616685293293
581.560352586962
564.718805227133
507.046742470982
559.423981169758
523.732547140779
629.58493364604
543.850204688314
546.406296876356
523.024194587536
484.561354543552
524.142680478213
543.414061203293
523.017664705259
518.025000857278
527.691283808004
560.837496698973
467.615302671968
525.574647309676
520.759732782496
524.750894535056
543.242175751848
560.049727278157
502.994999360744
484.412014755685
506.286007936647
592.030114756684
471.319591724768
502.638513892004
501.758707920761
548.343532673186
542.769168486189
519.897293599055
444.653193761273
501.8397006477
537.400439914799
593.561327664286
528.727415408229
583.61366257714
619.150563471367
545.864362045613
489.176210141372
559.862622242654
585.811194060118
547.781241599635
550.838612383628
532.924831116011
515.24828879551
487.951184872519
609.903467481151
529.88654071567
533.233385286015
492.133739043545
505.961922632347
553.391492761023
495.836032010966
555.485465722626
530.929529435733
500.588336581874
598.465562694686
484.051567924379
626.617022132275
566.861264469847
479.045717068189
577.143292219704
587.497206820663
490.919523626603
621.981995026688
533.062563609811
562.531921513415
559.29008857558
520.589447752856
510.827778112057
506.027600014635
499.384045772779
530.642051862966
557.23276897817
554.792379533762
554.881874971833
506.561076420988
523.435165756518
543.915000431901
491.257930350912
546.953811577653
535.883755373858
555.557889681621
567.078299542767
502.984593487102
514.774020347114
545.831500014074
503.338044009115
508.279832038657
589.306811507769
594.290409458757
590.337894261392
525.973842930891
559.418236898863
547.640360570468
565.125935418137
576.174162294232
550.268550105859
494.077826415998
561.564703489278
468.946846547703
494.035933900949
552.705250595542
531.780396569517
500.983698631762
540.760217805208
512.102765713364
539.533646019298
524.502077927467
449.590550360841
579.346671873818
494.738198515464
634.903809804914
601.73218669472
553.401749011135
567.371034351138
543.784216223225
599.332186928206
492.391077863869
518.15710857079
506.170727011235
538.182699785675
588.958075311351
522.605276849791
486.206324291227
541.690015775872
494.331315730264
523.364881425831
538.670753539787
552.376368150156
587.043665247937
506.388730566255
608.800707034632
562.924706484284
510.701398149987
554.724008843735
480.869192933341
571.300996262016
585.580606365807
482.559668110411
538.832496938931
498.175255634155
528.603306357322
531.110740526193
510.049565745702
548.894993156402
505.430249619256
458.577578144782
470.948719173244
515.930591178781
475.77780077324
596.116127340969
538.858875538303
595.076591025716
561.455127960543
554.424727634259
542.004074964966
577.060746358723
586.112570788452
622.931443272708
517.583973684932
510.990135446683
555.783126832852
543.998018020174
529.077329928613
493.40378855235
508.52408661521
533.54943357641
552.295821980722
560.548088402197
561.740056312368
532.553992341318
524.607134986348
529.12265000425
555.922105215313
520.616249167424
484.675081345622
539.876035759206
589.85357026494
527.344855594204
534.700118142418
546.961595784171
495.779624928661
578.387734157295
599.368494644704
462.926785874433
491.097573219581
537.180693813191
556.10116284468
522.336679889612
583.647069975903
554.671318880661
504.275439968685
512.765463522442
578.967609813434
505.513665965752
545.882057449872
486.954256381439
618.971835067993
516.944944266563
529.317945951515
533.637623995499
591.939877750938
538.007179191055
511.779561246079
536.302699812757
488.103227238761
444.572443056555
472.560355144626
555.516453978977
501.664088355504
478.081087620859
519.106451347989
566.056996400697
580.453922080723
493.732998813988
508.989483310069
528.862992630364
575.348776864988
531.97119735026
529.402123605267
577.529430858596
580.857234601583
496.018308706615
513.014214005606
574.604031202595
587.408447242478
577.791778378402
550.905788802439
532.074439879076
511.392368706388
504.157362260661
510.736617714821
591.75639404531
542.205092488052
553.91283366062
492.938824284894
609.30370844377
611.195218934023
503.714675460117
542.484788623243
508.401153821157
523.540035400364
493.564801261315
538.029143878084
503.715511622746
513.534889091659
471.6902515998
471.158445660502
501.802710538885
557.332909952332
549.238457011657
512.503926392846
546.40138865372
547.60409187512
519.581878707195
549.921591368453
465.810528575685
516.283729954511
552.042767356368
513.028326086164
542.740334652355
567.559202476872
546.295737802372
533.733921997225
576.528859476224
521.044481322393
489.789536829279
474.386691104046
549.181081436194
515.567095782118
570.235337896973
540.763231476238
527.385220823195
633.528018665118
539.434237067284
560.083621231614
552.232964910755
493.615338054615
530.953991692086
549.007150422834
586.283370716787
531.803583345112
519.513782631578
485.92890167929
560.859103322606
557.428532170736
435.834207899348
559.044664382962
482.197346237939
555.001725537645
579.744705792619
548.572761119236
590.175781267485
630.61824994856
578.14230805401
547.040818375728
508.687556716534
520.775832380775
493.677754972926
516.572836318311
563.631646632327
571.56967995997
498.649439216657
458.353936412956
566.681479877238
506.297754902423
528.091193140182
500.752755010426
534.052219609467
570.10900305374
505.062663887669
461.795123464603
583.884420586083
517.791521481629
532.066008837449
588.909727357906
546.62104322779
519.643245809962
479.585093008733
521.137467598569
496.650639993566
575.779842780903
497.477403977541
566.922521584416
607.751806044192
541.773585641058
513.851310478709
520.668905357778
513.802276135667
598.663328289761
514.594581240372
518.141614692119
484.64487159957
567.731974902738
603.261887061517
473.732972482356
599.5610174369
502.176848896204
539.165057821708
502.987919998748
676.719614979905
448.769797838457
496.534624447464
500.152578061641
525.135540775179
571.196148889067
486.030843420216
512.76069935346
530.611793406304
568.262821380293
469.184332684373
514.971264511704
540.358189293263
623.185859411644
424.647460921816
569.842300602683
570.213633988749
561.638165469186
500.743221811896
502.456720662517
515.837467744061
561.001267782351
565.894083366784
605.687176604182
504.239967449757
565.36509297688
564.59102050199
497.04723810374
546.687864427989
537.701047552089
536.033057861915
446.83861406503
599.306464421926
470.667702500005
495.620903456938
560.681506703537
604.753674840276
472.653083295712
535.903728414159
568.797439839494
521.825572650548
568.877671447467
545.278056848525
538.00321872572
521.033523101777
587.803713430763
551.190472781343
537.194816686231
572.745938043157
535.411380116787
413.382803864559
522.340438905244
496.122874776804
580.202132895004
564.216897285916
559.519629867294
593.01632069739
540.028041633403
541.950359930807
526.261928577857
469.583408320304
501.204118003963
526.01939233645
471.728599019257
621.797037568091
537.350333354694
599.787721582445
548.548882180916
487.252041456346
511.14081103398
575.72707075029
525.085896579547
524.085065495019
491.778966165364
580.171151917351
619.346731670137
492.718767168081
469.001054986707
565.124420678187
594.157197142555
502.341661086182
499.000245804028
548.682553700248
558.290761087849
542.01174338583
559.232821656759
517.493034305237
498.11434682079
496.995408314356
587.141076146284
545.266701623037
510.802142626514
502.45183387683
550.203876249543
532.746382873905
544.815489278248
530.624393620159
540.4534658499
536.127511595236
535.297362028676
553.40595117205
544.364409765953
590.958625245062
581.848659594289
469.013370444494
585.912670074934
540.030526357693
510.231594679194
552.473669619923
502.337794260165
487.465517988125
497.163555112785
531.895351196313
562.335899494169
585.451505309713
540.92922130957
506.125557614746
601.697430328869
456.736664696018
543.468340422126
608.138670637933
549.339246938997
477.478081402417
556.825183134199
576.841906180829
536.943784238889
497.476780921452
559.933172320972
503.715992287836
523.328421897292
466.094600789041
567.39680738789
507.013318656981
593.94378842661
538.49706895553
523.684300610884
509.75371855084
516.914782624188
580.230009367602
520.088707439921
621.514869700832
579.391294030132
568.404823011886
565.549914232232
554.183584166408
466.287887283191
483.193457729764
598.195020506656
543.205358103835
564.626995650529
532.905755916443
547.706449077898
511.764066764735
555.888586781053
436.935580330472
575.938035892581
508.136922181348
497.286563964561
487.600297914093
520.660438250148
559.459551585287
581.129766535374
535.489341922975
479.959165689592
506.391716370597
469.99216171916
576.130092528699
541.838482465247
538.761315935052
483.86579085632
577.74123008309
559.028867397565
550.837018399338
535.301983044105
609.08877456383
521.635503471231
545.445242710634
537.738178823859
577.628109120049
558.820361865886
497.021655155289
518.890472198113
535.428199766905
524.224034644462
501.878652361569
538.787434267725
544.753345155529
533.794283024412
519.94810129415
489.531818405918
549.031490492061
544.883320996298
486.645987382824
547.219007184814
563.32326014611
544.881427538558
580.01396089583
533.031913822969
598.161533634014
566.292327387005
500.216847687826
584.989333277139
502.480335234983
486.073706702688
458.925027677772
604.281641399295
485.504696287822
473.863734022574
528.977506234255
519.584115175211
596.130202262921
623.504889745563
517.814346310371
568.583602631185
576.019278691462
556.199700923779
555.863492548925
545.955554314386
521.019170981124
518.967949789264
559.537262449668
499.572526807027
525.922575956274
532.184996398123
535.447245735997
537.909966265351
524.557543270192
534.094368156654
491.743906245448
494.072410117652
511.296187843615
506.356883088469
577.390633992538
528.659693021352
562.065275989898
452.659076376141
553.946998928376
577.721191124109
546.506313352492
575.078673366877
503.955190677663
588.463652737945
539.443547427665
515.911941323844
524.528712072193
533.645200796138
563.441463237779
575.507662949828
516.793836462173
466.204829002611
520.976669200713
555.828770245901
549.23958203047
538.083861520392
534.335274109863
568.932956417769
543.844296784004
520.277713819031
539.331033326598
474.907622605606
589.735678740069
594.778169527715
588.984740207349
578.415098297394
547.519946876761
491.046012411838
528.796347815085
506.912057868011
527.355276297299
550.157685595243
585.76417820272
531.449470550033
588.3037649857
512.463544199866
562.07973295724
494.296680129203
533.888633781979
534.822204442935
526.902720811657
538.486513757054
558.065598249203
603.119819108161
620.830704843886
513.688845614376
569.959277796581
510.748250453217
585.347276592211
559.828174588784
525.801087973074
517.259892715229
583.076712261081
516.894622242507
588.638845301581
537.438344329405
582.608244456161
500.589004166891
550.210929813217
498.695113202231
527.824111221879
531.082862401579
539.220633154356
482.132547978562
594.951623167475
534.728311740788
558.90155243539
540.369059584143
460.272085663279
591.334190874228
521.936631368753
535.855652006476
536.535478100217
589.075988550143
535.261855593093
572.640690275173
522.287836446165
471.304988220764
502.890889353823
509.110059606021
610.633046029356
526.404076535872
457.880884200917
551.4496889317
508.503189307797
574.71280220569
600.901616147579
570.94426683386
507.558143390157
566.16011346518
498.967497395926
492.909893950556
570.868353529709
473.459164328258
558.846578691838
543.181840741348
497.97800128289
536.93777925305
607.454171961712
513.557732102018
515.0193951922
603.348180326805
546.844455816115
515.471570271911
585.999042185733
512.40886234221
548.675057661196
520.248109235528
574.997101066184
512.445453066195
528.165605789904
524.19608208781
577.714864822505
581.778880952444
548.523801493892
516.496864644704
576.666352134604
484.544977125027
502.186764306336
571.983295970562
524.176036552098
567.615542351631
579.49235480697
542.457236721995
517.954006167856
439.664424201837
585.014594987633
509.060124803812
539.85417821203
518.073540624353
533.731347212565
569.098851895034
509.345752153865
580.949727985801
601.994064683584
486.947980284223
540.56152896781
565.269403947899
527.313045285071
516.886197686393
583.223015262261
502.884459950153
510.674495282215
561.969903528254
609.442412432248
525.541306099209
571.11696318167
605.826084620259
578.428089953862
519.799130013087
585.683235514107
596.877988153854
537.145068552933
565.218170590481
561.350858697846
517.383769463033
492.398239561032
440.754741797032
537.580885315643
531.294171779362
513.707660435485
447.321798570994
556.850256550728
590.145638562873
488.061585069137
545.267226634703
584.376564054494
534.234106744217
548.099316478929
548.14582998769
544.921463047788
580.630311927908
624.104038313707
512.191584800394
524.645559915829
550.665021547882
560.267772604905
674.698610292389
525.533430730516
543.161160886429
567.755594041201
588.481621370144
535.722811799413
483.121087883537
545.565263608243
619.574374433579
461.641211823492
540.730566786815
589.642359173914
540.312878318122
534.071721619402
578.482190476447
543.897049369623
602.878932779451
476.224912672459
562.647399637666
577.0597258629
609.654193748527
482.618806245448
554.425088505208
488.780662000332
430.184180251366
524.062077560067
527.9595189835
523.019979933404
442.02197725375
500.580456210045
578.580342850492
552.909863636931
588.924196139605
446.460107000172
550.590605048961
560.066316567042
557.226313106031
512.721917874866
503.600960707421
472.931256553297
530.030855677393
488.459091235335
522.181052047557
531.552058158284
513.578456833296
617.383334238274
536.473763668869
545.875652092481
476.931876257226
529.039865224782
526.579995489713
575.970165702668
575.81257035803
592.226736190888
488.677555774551
550.925607368275
525.918211592764
508.897761183334
560.222273235512
548.983535655347
536.85765106284
553.933876674943
478.796673509559
543.692341171224
491.612751872658
561.0383768249
504.336169898904
601.148768720076
528.235677098925
554.026545978143
499.41326296573
537.258082252879
572.918052891979
456.196419024788
544.778137265047
491.380049534461
545.640234354163
582.719452122991
435.464177393125
445.912698651449
559.978102353584
560.126434076797
458.146363066349
527.170360450297
618.123714917791
585.826737100344
565.152822456126
611.423196039882
561.39803367657
510.88522481842
609.423601675633
547.624553330113
475.138216900177
524.80371200242
490.781085682067
570.333152172446
531.036246934121
537.690644809549
523.878501164589
494.70593006168
526.730127661282
497.422677017421
431.533309255752
457.288650839387
502.49201194624
579.132180756219
577.546414099869
551.674036176738
546.297986962895
544.463124190871
535.519385115436
478.450174005753
570.80577840167
543.390163947306
557.59545442206
598.502076564025
581.03622737012
516.4210140503
544.646654417314
499.715736891258
506.919878689658
574.594303613106
565.523656265063
439.062537647665
563.022677164058
538.751209387956
517.205537470355
529.86011092074
486.037653073739
536.63995693613
559.046467962212
530.185113408537
509.646890217911
614.580594047457
552.996083771365
528.695553781471
494.626785522876
580.077753657577
545.661254323828
571.262978775598
467.894433383279
540.181699196182
511.407907025541
532.788781477986
564.554196807146
531.948829375739
566.196534781929
517.34578820036
471.075313616555
480.303312053983
597.800300582524
502.813467875061
571.160713214894
502.697572204632
499.072193828998
577.075759510461
505.513742682019
478.487306875821
564.747958639781
544.668777978965
571.121650077258
536.657484952749
510.131805625471
481.517484980741
577.715643383895
501.481333717022
559.497066232024
522.607812064362
595.485925980417
590.580266635943
500.763144482684
546.020054906567
567.498367923602
538.51015812264
549.439502332454
521.101124132063
