"V1"
512.415221417064
533.834011424151
537.277746950616
509.285998194322
554.245617806475
488.50243146502
513.590280225848
606.723504579577
493.980579078094
557.916690656807
565.147630227111
504.426335904971
535.878752581785
614.634820560525
485.008468058955
508.141132778337
488.552131705249
540.590515094475
500.656797714164
532.760185227779
560.896769622986
624.905434195791
563.470975437258
498.500073560691
518.251645387254
453.863984497712
559.989594709373
512.040076670437
461.872868419698
573.89863705426
524.948751804906
513.071280681728
565.702943514059
520.5430354842
490.611007674073
505.845834106392
538.406199520889
551.777434172233
500.153584334369
445.005063361366
510.251023135983
599.888059299075
520.650123500008
529.708266066105
490.589631085023
547.653444665343
560.291470585866
511.104042124642
496.858027648199
527.034702824881
543.926797757661
499.847805865406
501.218298203452
542.353705912441
543.96298137187
534.897736804488
536.803742803324
580.24526003929
559.28681084051
537.808515029151
464.945410530864
515.370637966744
511.274934463943
476.113956333458
499.932233391214
527.417733489004
569.472087919873
559.915481227758
638.049309268368
446.606034952914
556.008180175099
532.070830296546
560.747179184336
554.444385035554
545.55433365704
530.662067916662
494.87417142977
495.333496217965
544.307072941559
533.754914338979
498.463772170921
540.345984332019
517.96946408217
493.505781055194
534.901605028841
515.81044186147
559.202374967825
534.077139910315
661.683567857326
516.021084871763
538.101446443087
528.250505117338
536.733503305639
567.470140864735
511.679751282031
556.768575633298
485.199586862473
549.045015437516
494.463606550117
544.930643632552
436.349061553209
532.184593061238
531.908510994798
463.328091876302
526.783858014271
482.14800385211
522.645111941315
519.380782009065
577.866091932234
533.0507681663
457.534123029605
501.141224920395
510.843649292965
539.053791192813
464.937661577051
573.158895670236
549.543501162433
560.881155176412
500.969131932643
504.944859443768
574.769309383008
490.71545425837
505.724820109208
500.011419784278
502.967372752296
482.708392647919
538.079978174544
532.67515164476
548.769307160592
591.354600314374
506.35202638393
502.373623111179
537.157051844368
534.821064446983
518.701900744222
536.664552035805
561.152090336876
477.449650055101
467.090531566106
547.112683244638
565.600603307725
421.561027262828
485.087976101742
543.244683865643
623.326649307799
468.922530388327
572.96385534912
499.50488440915
555.651520238159
516.879594583757
498.312500179633
571.698881729799
493.667084483906
569.060408364711
504.09404327266
498.272504726385
478.795371164511
528.064399901884
510.205790950241
539.404038928883
485.419841961305
490.009079159272
469.437880030565
497.619539514564
543.457181398926
548.107044129014
528.845713247513
485.618725388876
591.802551495629
556.224251770873
551.403716318458
582.518252773586
478.82665801863
529.914014033656
438.667741138559
546.059034790216
482.472706684215
552.160776162741
588.420538820824
553.895018684818
522.395842338396
437.352589239411
521.361644616914
479.108300977765
527.593578720429
510.741950547665
436.263290544733
613.939578192482
512.820961834697
556.295832103659
530.204803130733
557.16687674469
528.007473700353
557.154262139341
545.917337149189
589.995675643101
544.653527821374
523.947951268713
476.135825536389
523.374498314515
475.057051794781
547.387804534344
498.803497494778
544.349357464474
554.099237902418
552.839329057472
553.253929693278
543.999067388753
460.204576232239
523.676136083158
529.380984790005
533.50193093598
523.535727352576
518.273674060569
435.598360686034
492.566494483892
561.939862167462
466.289693969883
523.879608549131
489.713898445773
515.938120620784
568.418602201209
553.068590936039
526.383338127696
506.364943459112
470.630602324329
523.934707030201
547.533703127273
515.684640756427
548.935251224134
503.810134602419
510.014704778124
486.827371680181
467.207674638203
515.670937353813
529.294334432022
490.398798813695
491.545173153025
445.288185190597
508.358197792343
577.378955255863
593.546428888905
517.553851670723
484.95604628479
543.191882577912
623.062493513237
578.759402491163
524.474812759748
538.349174152833
552.170167722329
504.555100875164
570.061153205537
614.971081443668
644.346737322407
476.086532363778
561.535907734337
553.079352273717
566.175984401748
470.264732129555
606.076359277041
548.045839683433
477.053877225344
514.552696804856
496.738818200202
499.796906540566
564.845341073067
545.167409029308
461.606616456434
543.671793608324
505.945470810038
560.891588065139
498.433965066005
490.140976538419
487.033799698636
538.10958946307
494.706031727508
445.518238225532
541.573039804463
472.372680278581
545.305280270108
552.509724554014
548.325524775356
553.721238770375
510.039182093372
595.875702944629
509.089023352301
549.476183473879
585.912669986139
508.257876132524
517.412600207151
577.625264573632
509.464067642978
564.293915401773
627.531985439708
502.694775743616
575.96541982624
593.6947030898
518.759317464564
532.961504551945
483.510322856322
545.250671785549
523.662659865787
566.040124963672
475.792031044007
557.136541040305
517.760143685281
567.529964311897
494.978759417176
495.475403889484
570.572507217646
439.380766698757
580.376177325828
534.792469498675
517.126605507388
509.99545807829
584.922310704153
495.588449067248
498.741987082937
548.086151942911
502.786933160666
583.152653587402
450.565253859397
505.367313077363
630.753840393744
497.831411226084
498.475286695919
614.322353862051
540.456488320968
527.879230154627
526.382910015448
576.405873164403
497.027933846949
610.79922378949
493.488222741082
513.538430108299
472.032667906254
536.098889676034
577.391223185299
554.588269083384
524.220123295116
512.710162557105
552.042841712635
512.067814008489
490.877116694577
497.983517779795
527.12444863509
487.731694186304
574.491847559711
536.676297474305
548.459712012507
486.178398487801
505.976871006206
604.578543975446
500.203053039905
549.697420032929
505.874764993771
534.014487282625
456.934683460873
566.819258830487
528.560914157458
564.636402927121
492.848221531625
521.224278763974
501.432858246563
515.493917861999
496.655699390402
581.067343558134
533.598672721407
481.265700944294
507.227365376146
559.482014581362
512.239434770437
586.014202886772
512.902726554878
585.363699763691
522.00203527417
551.966464471039
551.864061091281
487.286485174999
478.043802821565
502.443177254641
605.538295472247
551.404415041635
565.686093030096
452.562838938336
483.320141020759
599.587315722621
481.055427045408
462.2810669018
481.559043966557
525.7572606684
575.352726380655
482.817820694495
567.251214935848
517.534954829408
539.960681715353
466.177952945266
494.780623230599
462.703593281079
483.662159852164
528.099535048895
536.248118562467
524.727138969847
563.411029742301
580.375097410838
556.530953307195
515.876820764687
521.888268475154
509.063030690661
494.29590178221
537.018418913529
536.476846707431
521.188921673595
509.650391406859
562.112556909793
518.3952967117
528.937889821436
604.979800892474
569.107046678429
549.396821259877
558.845089780932
561.254813504479
520.016593063926
502.847613484131
527.668099982672
502.626636740662
537.140580842264
515.291296368132
486.134228552199
471.159211865124
509.639629556293
488.075624270083
482.334781252605
526.918160467648
493.503727076041
475.754592718377
551.974879675694
497.429353707828
503.017832751746
557.362369025886
525.081133787479
503.764942937188
472.12864498978
485.256039944517
621.588085660023
483.264234359358
548.288017144841
552.682967503789
551.716851913628
520.409517220459
493.635603629328
518.058855279326
563.605284612613
530.228649326688
550.814769968553
574.760008353122
600.739551630312
534.645043241882
470.055725096306
536.698776750028
487.032731873218
500.954223872355
521.049089119608
472.181117631295
584.02845052542
542.248743206641
489.505822091516
469.111617360419
484.884444226657
550.793852929352
557.191614087789
502.062099323507
568.484433162683
478.290228097613
501.617152427373
479.278433430375
533.976911731188
555.285811253181
467.735380168767
575.477860156946
519.569275304913
537.267379342562
550.57848545106
480.227814832126
513.229659204515
575.958261049913
511.762828446062
596.240147765981
533.531303244591
499.562331406159
559.467185851977
505.244509395635
530.774419818644
559.185460910549
536.702240743574
508.322300230708
553.044530962372
580.631944904217
488.178826630506
623.174380972595
538.390201003001
522.23568416375
554.97975222953
576.895155639139
505.24439784432
533.63431287249
479.638116129116
482.89858685956
562.582117089254
552.230231935953
469.284936934608
536.216119782282
518.984638661527
547.10495291032
553.847575551236
485.377866930566
554.194387703648
531.38923167075
500.511216888399
585.149494464777
572.041121031048
587.153174964494
571.424437298811
529.072267638821
473.27432074633
529.150981487423
497.550700485545
597.773580648954
455.380868346334
563.676548286135
521.85297970406
522.337623202032
548.691044055889
523.945062408884
495.43032071943
546.782630097301
479.869352432852
566.339224098688
580.950140351641
538.860608347861
520.467318608598
546.510972441822
519.929222715646
466.158900266001
552.922170846628
492.179258016198
499.905661023047
584.892321122358
549.531720847481
497.89968266523
511.982630226792
518.45852909321
547.892510253867
556.383308932665
508.006050527636
509.657097840311
502.062311568897
559.316443681265
518.621017622825
533.252066540493
496.875190065742
522.097082524079
519.676938496567
483.020951600592
542.207895378155
498.028194856277
539.835750096232
505.546278081208
536.486647105667
557.316395821549
515.518214737433
533.670504376019
571.882392475827
522.437104510122
595.89179709375
566.191030325562
505.893720004217
458.525480434136
628.198641678869
492.876395580121
563.350299050849
573.282408424726
548.191544726377
558.153729750322
569.202508671132
485.130409519779
390.425335216526
534.370187552077
488.687447817632
533.987752299815
536.855452911784
447.279066768584
552.635710617955
593.50685656379
463.731944396359
551.55190202776
532.300164012267
550.354268125468
540.707658318623
564.807284234825
473.04945865325
517.31250462188
511.687952086674
603.774568663092
569.097153738414
531.733418369601
560.002728100144
559.468269996941
454.306404486114
548.342291014492
480.811785225104
579.317487495887
536.592466756114
579.212595611867
557.983210991819
499.002420414563
590.053373934167
591.239729479302
535.842592251491
548.539687730826
522.127994003803
483.43698777257
502.450342833182
484.692650680119
536.538152880891
542.831927240409
506.96020016417
562.89212435499
527.485206406616
580.550032144034
572.339277551966
554.915883023579
545.81205453809
511.086061923281
580.762935185094
566.569358734187
549.354149821496
552.239876070227
497.092319744346
522.198329186772
511.354845248529
540.902169264381
569.184782555834
536.315435247501
499.047260002467
546.18512943408
505.422521259879
520.646770925382
532.440489751058
518.786862396332
528.231588531756
537.209065886328
519.915688512755
542.957625149112
530.152730016655
640.949691485294
565.550411882171
562.433038819567
604.40187044872
464.510515076367
526.490491253796
501.19656707824
537.458690328121
555.801707503107
586.678559133502
513.609116822184
491.927050999841
501.642790617277
598.369859727408
453.045652967947
622.052282694757
575.471241509719
520.002253645416
531.612277295719
568.479451361918
417.699977214889
575.633005896057
554.040669480987
442.004102836166
554.375763462198
554.301183235607
568.606630441217
558.006508182188
534.378649555718
567.272670025072
486.559435866404
462.581981130175
465.31940360081
584.80952367489
501.932266575074
531.633688833318
481.088703952003
541.129004442482
545.653341693571
524.495844282633
498.209551682232
558.872110509853
478.870502122292
493.252498138391
568.264260347579
498.79102548355
528.112926357261
514.132877252875
522.383411648265
486.701213475029
530.237481658763
643.353244036804
534.232005455892
546.314738851961
431.435425308696
515.148622710465
531.067371545151
565.557718156521
472.045978713493
522.956574448634
493.081814537038
464.635623797611
523.600114634294
506.869770581268
505.84920001658
508.072763037267
452.622829445965
528.273599804634
604.141391004031
523.425402187112
642.667733420097
502.536206643167
524.274761925376
499.853690167645
492.733912781434
516.92112707316
435.724398682823
536.473415202209
527.461983969063
484.104208772748
545.418756886635
555.000293741856
523.628755353304
553.717762645196
482.7676867478
547.671471118067
558.700571246192
507.792609140867
530.72461606059
514.303228144453
533.37384101358
549.237747671073
596.931645276843
575.70711072851
470.563615164122
544.574483923359
537.990616895503
528.505976821573
520.015638047801
467.991954143455
533.325161249648
471.503842244548
558.378820180704
566.594782261986
482.775842936614
638.357326205709
505.561789893808
489.009892591559
543.98804724545
600.000769053001
526.247164672451
512.135410382923
506.244063597323
513.268534658937
590.140743564703
481.498666373655
554.461200890205
474.778129814222
536.741682385183
513.697091047479
533.434835498325
513.749231621226
536.507139702585
577.616453775579
504.225229097861
526.146647692371
543.44744850128
525.319828553021
535.194725195471
483.758283415485
596.200409597976
569.259354563507
524.237490194265
521.956777846318
548.756578707828
563.541163633655
505.807068369853
494.697121883695
488.393674329714
531.719627205049
518.931392451416
532.372903470096
460.08294825866
502.943640146319
510.050151583136
541.017225943268
580.31580301734
479.062004241655
581.158422377306
475.46529123003
575.603380524747
588.411660251386
544.91359323992
539.367104063631
551.651499950873
576.567901658603
560.274687532709
600.959126398891
475.959280828795
494.976027358681
425.968977809423
486.414426444442
560.24957659322
519.866097979489
467.429420493049
540.509338580371
469.60126668301
531.68599268185
480.849767190998
572.384561049856
584.965827759568
523.5894901998
576.463604561221
534.214683387837
535.720330712772
605.275833981523
552.431160110684
559.669446715648
482.799861458181
502.446441820827
518.653505677507
541.09967282269
577.954976462262
578.715074174155
538.235215088449
538.996661713922
533.22487271235
510.392571132343
511.270891603583
486.177705888636
558.099239795511
537.903793154771
584.301369495437
520.53015110424
518.200706915412
475.961315702065
527.878923636114
518.324990122434
493.610365335361
537.79068049553
479.985023873438
509.594679938265
492.358102322501
510.480181392104
536.289336009448
512.978003592621
544.898462504386
472.687935454298
527.260045766198
567.409563041761
561.93595343121
444.037265511944
532.115933012627
562.866039662934
542.474228840442
551.907228615804
545.39680027777
544.955208200737
567.625402123117
568.677904335885
537.371733454802
534.65958316639
554.863558713938
570.582455621791
498.539372058676
560.646025930479
491.312425201109
536.88002861641
533.447468366379
532.589117141357
564.017927667785
643.356039684692
398.978500711379
543.350034934087
503.703524409496
471.169248900128
510.625633357409
531.007347159591
512.698020570149
516.34231183541
566.974729065184
504.116938986445
552.657591233871
519.657131756968
484.951770062364
492.682385268235
528.762376282808
518.546419846518
533.780923246777
564.087172440057
536.944419669345
513.618174127984
580.165244946651
535.642060296091
568.417210070667
472.875716053138
576.907742708176
556.300116843229
555.034757548928
507.681660102149
553.523316658596
505.511590844467
561.933125946194
502.588496995035
589.716585894743
469.067495549568
566.394426703996
447.575948544759
519.1411678875
552.763982889357
516.889028427915
582.626177227069
487.072545751201
528.64328297141
548.373657917543
563.960219390534
585.705866529095
582.677383400435
464.169170595612
607.742481132099
487.317736643536
550.065770938762
510.79565145484
482.568874005502
490.919262123862
519.163674088595
514.925813546104
541.109840068325
429.334245756567
532.106300726737
534.958573596957
526.850087807187
551.421074121076
565.371425154862
498.111465122654
508.305859879125
586.664549250741
475.433897562794
520.555015398915
533.342020867413
562.142641109552
468.821147770569
584.544556518134
427.568819247717
479.24942434096
515.238418783587
484.860269901541
617.943963100934
547.838403078443
489.320546495874
467.508450880621
581.816562107435
475.662180306207
522.437725207975
479.532772618293
521.186804744692
518.609683833927
464.718933639185
624.572814426943
534.016617975164
562.336926974104
557.080076085872
551.93543455664
553.443883114551
556.75754685125
549.357747596261
505.977302382097
580.883041156248
542.102584788827
506.081456079653
566.386474543389
505.620770692839
496.730317568027
512.234411277843
611.407121987624
528.111559686707
565.474604156508
566.52185974999
571.300824161795
582.007687094336
550.9018463375
500.687599956631
504.339774033624
556.036846695089
535.66253495637
560.174365439123
457.2467942065
534.161351064512
575.960238938089
544.209121613508
489.797663120523
503.487722963117
476.560141039514
528.303479832674
498.049356810899
587.726698099897
574.757988941433
563.353889211642
475.080337175344
502.795399286823
539.678531355647
563.184402339208
533.554990758295
483.530784317479
543.937865098933
455.002611965824
556.863004863045
518.957921755003
542.518644250905
523.217001720333
537.279452098932
542.76503248163
573.649099096641
445.479437259243
489.002797883173
550.303192335126
568.767060177439
501.000550115514
493.299806064455
448.228781543789
586.962509809882
577.906095437907
569.316242296391
537.661476591165
518.537353354752
555.684635899218
549.964260675396
503.523450032372
610.183845686409
593.96202433998
518.563377330962
477.907169424082
537.447441318376
463.327510336828
482.00453921196
513.31207507381
512.866760107453
564.244952186425
477.804761128798
565.83281163636
573.22403549254
517.291181222168
482.815514336222
492.869603919846
536.291462716045
529.433523493256
511.725828062828
508.481810363794
550.92154445411
533.995263687221
543.072261985831
521.940347884287
621.281229542109
580.602767050143
503.067602893759
597.637250767344
516.754023315891
510.950431298553
451.018835145055
481.612917816784
502.273795732009
537.145776172246
534.366865786524
517.439233740151
593.0321238606
526.508975224567
617.016909802397
581.85441683212
553.444720927148
502.659861648148
474.022150621668
561.624500842212
518.254653286626
484.538888315331
565.089080101401
569.727798158917
510.680538956593
551.373689408633
517.784314840566
528.145057766378
497.538798770783
517.383064475228
497.181152720277
488.364207138705
536.477701981126
417.545551131879
512.355310326284
534.697080568365
598.70062133029
466.465579344393
569.8023738152
543.436402016386
428.674355450562
553.297628183486
515.162633653372
504.274476195409
505.670220782308
539.445776042286
526.27851808046
540.04798153161
486.207805449587
575.234834931711
511.054755389987
572.964468578283
427.607505566696
587.995563292575
529.762194064348
545.110950659608
465.798340196075
496.941093360143
572.285951119678
568.194795286997
534.200301416921
512.130140911259
563.777379609789
539.779577823079
551.380875267731
541.865255205107
526.127932726162
453.410756363003
500.910083909104
558.92271886377
512.744300806245
505.361811035075
530.481198092452
483.555802035077
499.641719360053
574.204189440918
495.374845056058
502.831501797451
518.153540459634
546.584710039902
466.544877799197
562.995353855746
566.872081891451
547.09969281429
446.943114418952
487.645873967117
504.905213135821
587.419885011676
487.822061881415
563.814641786935
608.607830249538
542.124928358811
523.479147391153
527.109721516364
503.01152276157
560.216299601075
494.318451696659
513.441500528537
539.522510576593
474.357446842702
591.505755592903
540.501997213027
532.630505202953
516.528111192268
588.961506310482
567.190870581382
582.368278455091
564.404339159969
578.284422970572
505.784128540501
545.884513719724
525.219804110909
527.025938390883
550.893782174082
523.731240042589
530.012165399088
542.3108001801
458.593101105466
540.969077575779
547.24154031569
508.881868167851
528.01641682261
557.2360944509
502.76633046612
562.466301293201
534.198297861964
503.748978509914
548.790042472844
554.204190902732
498.997992934099
528.379826922134
463.856078022548
539.312670021612
557.288421233468
565.71582746211
536.964093099623
503.293301230359
549.032718510814
581.846530057619
544.70710019456
544.202686380263
507.697100962354
540.894748615186
497.209497726663
548.319433341714
527.96379541775
572.026280256442
534.04285584046
555.546522328634
529.622953261806
516.633238172475
534.996864724586
542.709123720643
577.648750045769
523.252260926189
533.880510364138
512.109137134471
544.012492190788
580.751475677921
583.475007894367
432.324650981698
568.994390737607
524.769490080127
507.508103942038
520.561869255025
514.794443438071
490.990388369233
502.870497034542
482.99465057473
408.764005090718
542.419083192145
515.594265449693
524.406698167645
544.398145490193
566.562597566241
510.326406300635
541.721921998243
460.85492012792
582.031566135895
530.596595277616
483.008489341032
476.655008849807
512.834718211662
533.488626775453
554.358380853738
497.168342292391
601.010602968436
466.186959143267
550.760039276214
543.134398044912
525.585680866465
515.70528764517
512.566336194995
517.491060953427
552.94564856074
510.773288111889
556.064131284042
459.161419781076
549.686801286926
561.185900577271
540.654795913848
561.39622294355
544.627437690723
498.081526653869
462.763788925425
536.352175043785
482.462122252702
497.966361586508
619.163723429346
575.079213587
570.840526363295
514.440384223842
545.471143045656
490.758964540653
553.926051497996
551.558759076194
474.132600019857
552.383078314695
555.146079924776
485.939530538949
548.59996305001
496.067711174686
455.177088238175
554.738497238798
550.415453741133
531.673211076496
457.027809739718
596.877206798421
557.670308370918
597.235061326352
470.698962432139
502.389494003397
538.848536364728
514.922515218965
544.655571045177
471.886756315271
490.249682090304
530.778835418388
536.442692821396
588.671941606526
513.063172632203
572.249134585777
510.147095353841
485.456205244928
462.810273545236
557.59523489564
525.521739206359
516.786033889913
489.189140625883
522.482544861795
502.217393173393
595.308571921454
503.554848581968
516.628717359831
541.810988372787
579.2046500411
471.359797641498
535.202419646499
525.309972594369
517.089369492522
494.774578916024
563.364568943257
530.438657873901
547.802099319519
548.105382300258
481.109288514893
457.56694560983
533.861634015276
510.133222748723
497.094396925173
509.947029790566
475.933175664099
536.321940510514
552.188224489949
474.805606127519
537.415648831497
470.550201836168
537.639384344868
492.60173546783
497.90996347868
568.740077812581
559.257014517481
609.972747546769
513.008524083071
510.903616511429
581.858028207206
498.718475213723
505.623023800909
559.340612028563
608.92916118228
560.266720937813
434.726106133612
475.781954560354
488.975843137893
552.38117734179
586.921087699228
547.867461631093
489.009998205565
512.699726233711
556.301369261913
532.693194012651
517.821002692816
535.60088649281
452.759169734868
512.826059474321
514.314796724178
510.033705898508
591.964269969809
505.962676751536
577.080395506419
503.778889675344
553.714533635627
535.032248665778
454.380717121143
502.949435278332
488.27232767346
512.736967287635
626.947688371826
491.470066618974
556.244692024503
499.53489632616
492.737972358608
547.017060214425
529.513331425012
554.606130818559
533.032585008822
453.486475535206
577.872190521494
551.789800062405
522.164202728623
517.525133549452
528.733083355212
536.542018700548
516.143458439829
501.996712460585
500.847722385169
452.573027549826
538.673546608725
564.750807110042
537.898710324742
611.692650776761
545.03678542418
609.645162769807
532.310093276647
525.54511217738
562.679395275514
517.411783256872
523.670759003698
477.600048845187
534.730808910177
585.146663321334
484.86189397862
499.69749751381
517.358728454199
508.399111144142
557.821609000302
554.952684555103
553.485068657182
500.383228473455
562.996186617601
563.067557076317
598.414664176081
532.040611391777
444.738252070607
500.874555147712
491.449652010176
555.456360168897
514.862647999088
594.295766831708
430.20203730513
459.384513537936
557.598288031336
478.727245122842
524.262308711692
585.313366621292
503.500684524309
601.290833985936
552.156597648413
499.020073752251
552.152441651917
552.017778993584
491.051809478781
535.35875261216
500.322999849384
563.88827347152
560.896097077212
540.497005149121
544.813952937984
448.458437351211
510.48482070419
527.594219723468
537.209404891647
501.136813110728
545.612049513393
553.248866406649
550.558295203401
545.229163599675
462.69057487299
555.752686342503
503.371363867051
543.584440652973
562.509689050662
513.385988501518
456.697358220826
486.250881146148
530.788885824731
486.183603036741
562.883038407456
519.114763499111
485.900183516156
489.6356188058
602.340648975725
515.873602582643
543.272721420939
559.085073241891
500.135382208465
514.051084187393
523.981936160374
571.422346095309
550.672355385009
564.648724902892
493.647070433968
512.165584091641
494.488286604057
446.683508565804
519.249580193859
462.531734625856
596.193552317856
565.48798975721
545.782462693655
574.038396192163
506.200753404455
507.273037451162
495.152143233524
535.22508673841
538.536222381828
539.702460600091
440.183239500558
549.103324568015
581.4554188595
496.133064662758
538.66349836561
527.105746019851
571.081379928199
586.255471737519
553.284007123361
528.710483026625
467.05078866802
495.247354063751
441.629896988306
506.430493755633
506.910396919957
515.409300106688
659.734634057463
563.390047610657
493.974516929085
460.17526317515
545.285515656518
573.057501667439
540.654554364994
475.632170308273
463.538903969177
485.435504057344
565.569786646308
513.778451442841
493.786124621672
533.082910819097
506.953204444688
522.047146727434
466.570098988881
551.915252728833
464.873562557669
545.196964508485
516.78215807476
533.920522111495
452.694933975974
659.063535530157
578.7071037895
506.316702303021
498.923389557949
530.485452015795
470.048281018263
532.745412304447
578.340315546045
487.237317183694
526.12187067832
514.048735089876
502.598346756985
454.472687609433
521.564222576094
560.186658905223
526.975029247328
499.198663244797
535.899311659686
488.637395367862
544.145043839805
545.119569254889
575.778135613643
519.016928615252
525.701903002897
530.652000235897
487.93432272592
552.328069896155
450.50568973642
485.325741089576
497.126372138358
524.071789344491
528.285211388908
496.481440664743
511.098267457342
473.67363213656
506.835058843029
538.985329508367
533.435826419398
514.655112299298
567.150322210684
516.198580179179
537.414155252661
598.196181519019
517.162668312522
538.352981021254
508.900895272198
506.158310495816
540.336151316921
558.565427389067
517.94076928482
530.990670394908
542.392961813238
466.260109974716
597.077326017047
480.385241439576
535.808799938422
555.223006391359
547.161786710279
527.04551362664
580.149295838887
602.837361211823
544.620450328624
542.409875650959
553.534635834957
511.17458708222
558.241564031419
558.860327672269
508.363586729214
551.727669890329
546.433719780242
540.297349335251
510.936359154512
492.712819384878
524.67619516767
551.644173110309
505.251926581131
551.991032863498
540.192367422076
473.628227405091
436.556570613923
547.233157789422
470.936848158925
501.451019480848
562.043107788126
502.906638451946
483.631996715045
548.441225313642
497.070859142478
534.773790671274
496.691612532308
574.122733682651
535.119655389095
519.905605476126
515.322307571118
470.82785630115
487.690845420465
528.003049057498
549.725783947773
494.22489113172
564.879909798079
541.383837471474
466.212584505665
468.239408646187
563.842025241781
540.580656215376
533.389177775296
515.855494878179
535.972860523678
489.357970449938
532.558626625756
560.565645084227
577.348887921383
518.108766489485
483.760109907756
537.91187869147
499.668897593248
493.557508430528
566.92488896293
514.697438477885
552.238176470136
535.892871744057
509.616050188368
526.92863316149
515.372090612881
454.939654251896
555.581819878347
525.725650999781
512.31771124047
505.058579076045
472.612327035632
458.78021744766
532.652677289497
478.443626373922
572.901950987205
509.851065814353
518.066231748288
494.324566601115
467.297323822678
492.916737100456
580.797665942114
495.538560453502
457.197086612063
498.006012850782
539.973632014432
559.108436827963
571.721608478176
541.382007378895
535.127144437362
568.683511961791
527.987943073795
532.234703763854
535.626839009121
474.69860384356
502.682143036555
481.976230038221
592.707454778762
515.793586448374
546.28824460864
533.591942079004
560.11168904938
514.069151440757
554.869749267557
567.842686412692
529.049667279509
517.760865143045
536.505903158339
624.68845059342
496.114922227124
593.30951531863
496.015959089148
535.72717465974
551.068188895534
493.218267777864
596.469279033182
517.52316831444
505.002130875645
554.547779256842
510.494475740442
503.148150080434
544.240156508605
538.163599955108
574.038241945501
513.1340654105
567.952112358881
478.564448737372
592.731979439524
573.41362374023
586.450682999806
613.648707610278
555.328566919287
460.017012088519
565.79574551913
612.730640950781
491.801395498524
508.924018712479
514.808166847637
518.255948830408
534.464414068489
566.855135151946
513.808336788872
484.34505133445
499.260042409467
500.086212362679
550.939885470355
569.927182279823
565.545399487108
538.157363376707
557.473521877842
470.849892801253
497.484885797206
505.165666853894
478.226073091005
563.731440269639
544.23698978779
483.670419604329
525.501207176214
449.457029251677
493.233599047269
517.236908553372
502.028897728789
566.166374874245
607.306637448328
583.216257618566
554.577446315229
526.734734236241
496.314164846353
534.398494433513
577.340072481615
570.176204997956
482.757444180331
509.597330165445
551.832864261269
481.753790991858
483.403113496018
623.547570755383
546.826830543926
511.011205555817
553.593482744532
558.906098872967
515.023388192997
462.508357967767
529.525681127079
542.362149961056
461.754067609534
540.160027127445
558.290314445095
511.306914503129
486.797755499093
569.665448113458
564.994696139169
552.484343084097
508.233221989626
564.319187036509
538.123233047632
516.946869284264
538.085251415713
540.344536965895
538.659486937879
537.040489935916
572.007720290911
598.927397095419
514.1134624072
517.858374531159
535.040215665893
571.054198094711
564.76500677801
536.026831469483
489.730947101557
535.851037398229
529.937399817481
512.163700748833
556.171933988865
442.108979551304
469.684685246838
544.676691241448
522.965754408458
520.694977278575
560.510616206914
511.455131659129
479.927635798395
536.882980245188
512.066926671305
436.438640034316
564.365536668646
539.723807922328
472.342345830736
552.964037549013
498.982533622757
461.99712795816
501.744070830845
495.058750710358
542.640931772635
611.850383458577
555.776002596224
445.880702171489
499.653893670973
517.639162599644
626.261712814918
545.837232208127
490.271303361997
593.626218981553
478.614009475431
503.042530033642
562.042812664056
540.142396154716
555.432272830036
498.234271407258
534.392946947117
558.725812820218
498.836524288525
565.378723181506
534.744080827651
517.697592308032
533.290807323757
491.740936301955
536.886852025686
495.134476495408
583.160744434379
570.274495798097
538.775376890729
529.772181885173
514.097293324236
522.379372067234
524.283258218111
602.806185665636
564.630190053983
525.485521243109
514.7984014824
544.595032288008
470.676807005508
528.665705488042
516.808266412577
500.364774670266
553.371131697074
495.231673340305
519.742222920175
608.757812864312
502.631985363231
567.903923855619
456.512884904177
482.877063740132
484.93495757221
504.727785793305
528.768542022613
574.086356335803
468.002591454959
493.008037243336
563.73253790625
553.590489836889
560.323353857994
529.427578967879
551.757476095222
525.313116221002
513.738468370375
504.052153075932
604.203521218521
493.941341328545
472.255551923737
515.018643711102
567.185151345653
489.193457570758
541.52198190067
553.950640750082
479.867367965727
489.249735044179
506.012616699681
559.449432135001
548.64260926955
554.256740578381
489.598844540567
403.834637416236
543.262508407513
555.564990886949
543.551280068801
565.521694128722
449.670651769495
548.37320458696
514.966932544047
559.844215449669
530.984395298363
520.811975347834
554.379300367238
515.54260899684
503.770682736871
507.391932595549
531.985823539787
536.497611354734
528.217425189464
531.380523538611
513.765242706938
592.002552840358
536.723566851589
514.685143674067
503.37396519311
563.229907753569
564.469671409181
445.897295462059
549.059412322874
486.958993618117
599.5784761112
493.628011602178
558.033720265389
588.831276824728
592.054033926657
570.189122984116
470.80378084813
502.051719810791
578.850923229973
515.678611995098
458.060186506124
512.252780827659
553.349232534058
571.224780555322
566.878018771482
536.299744443112
565.508612598638
487.148762972939
487.164881915576
469.614117752861
508.196224292707
540.947758431703
507.897131167026
476.890401809077
568.421378180858
461.58844103288
587.698823336001
511.950413117803
553.879772881244
502.436719089154
540.010161733754
533.269066941984
526.490219347654
581.295206597214
505.276048174839
553.920092833853
475.740109168711
534.34218129619
620.233029301769
502.700059927962
480.304324421405
606.390102265158
578.254968404746
524.965646334206
536.133915479009
568.503145756069
531.824110629389
463.272213167661
557.182006940292
430.537156976008
535.62866536702
548.083965935115
513.48735907086
537.486642025313
525.52704150446
512.249408460496
518.347602611734
582.318571335595
