"V1"
559.366498269371
477.620426604264
540.248776488957
442.907995159569
486.771700560601
502.563835350994
568.473948578911
487.698431235155
519.99693869417
506.181096563206
527.097170813365
569.924763671706
484.263720578941
517.050841693728
506.88213790651
553.186497930116
525.218111808691
653.519225521725
498.415489246675
535.968912944168
524.677113776196
482.966386148933
578.756518677267
532.229001337985
552.845784094858
504.179317161423
537.169509758181
546.900306214455
557.63711660922
508.348615365294
577.368077967872
561.35997929688
620.390820999343
496.381428685394
582.502064723972
535.180326350521
537.268209377603
487.70734811939
530.524182472399
558.210593648028
534.854126202139
518.211965485167
541.576702123953
538.717387277289
592.255599117054
579.322953828639
522.9568107919
568.966087708872
603.045786983419
535.822933645233
550.636552368732
472.137559039613
442.442433673898
513.920192028249
546.909970330471
540.175380914798
510.194297438098
488.754853786257
513.484083565263
534.418684294137
496.257905708829
592.683374022617
565.668871964101
559.724007700831
606.588623428754
621.427553370951
565.054573624418
452.305449921376
536.635495678049
497.994250609702
607.695050668922
446.872812284772
563.20081066203
549.777365811496
514.983794435178
535.317398875404
509.123445702471
581.20854594866
517.101623667134
573.196900998059
517.832191344947
482.113577779874
484.838106418329
588.367087793915
481.452752456602
601.786508194361
524.550616007519
588.141769074053
541.365022924476
598.023319479098
535.250333370782
569.309334426948
471.461530688228
481.883849935033
524.229984904801
565.295910336487
563.352815060305
543.062806839634
558.900667088528
518.451246431079
576.520310474928
579.295626630566
513.748927432377
564.654916913062
516.044809169854
554.530586427466
546.09697517538
463.190801123896
513.847787695744
523.147411520946
496.721983429987
486.24388597142
558.222279424996
508.82829710331
570.697289624663
547.291694671459
554.209705260045
533.934066365639
445.806505837211
554.494773847132
588.144546866502
482.648784753405
579.344959729627
510.45800692297
569.942687479616
539.464589933097
517.99984293453
512.837189219083
531.546823013772
533.244685628123
551.655623093571
509.845429661208
556.888120389355
512.497543723302
527.690565084479
521.394292908932
549.495080317519
525.256986929377
536.440815671899
553.783459025189
503.938151325967
542.538202088806
583.837926213768
512.054366615899
535.545559883141
449.105127653285
460.704880821856
428.927265650489
533.320790684189
576.261729171401
413.638289209636
478.526846196325
482.867409980988
536.450908362409
512.947573725266
561.05102116699
521.257534718884
591.024189673683
509.273775534229
608.084176284843
534.239993138527
542.768466548551
624.145530103648
499.340563839083
455.314027080784
475.768528867323
533.196598004501
530.499915396344
585.963449519064
548.505572371355
587.439194608359
497.132602092132
539.29640745159
589.271803015761
490.31975566048
492.960211001396
543.459505730441
492.222435129244
549.66958951299
494.941592920301
479.247624561922
602.125602310243
580.332232309492
554.101821721293
563.557391494953
482.645997487818
547.646944239461
561.642843594656
519.966790825761
544.393794045614
544.583315019221
548.623248490214
521.058603537081
508.224353726362
626.52817625435
504.1594195585
511.676299368362
510.581030824972
554.884238061321
566.648745448741
542.279617349685
532.670602029988
531.228884182761
488.939587463353
544.959724499849
488.143477425467
479.271959851086
495.785751266791
565.626328920207
532.721836714731
563.803509414828
566.192334573621
536.372284014975
500.339393339116
549.019283648317
465.635299498661
567.423420553645
498.547427772636
506.918981503116
508.844521230943
574.045596312722
538.98821388346
518.373582079479
528.91492962638
574.469371832061
536.122758370446
477.352225242766
500.448663108965
460.328246967968
573.40360301627
578.527794864718
491.758080524996
521.448740944625
603.790179256342
510.722267175996
513.968568564437
585.878442802069
582.870860548008
607.726341003272
558.862056815194
548.608458191283
473.770805302006
544.896146176142
536.866008045619
546.404211784536
548.833679228833
549.934055391494
573.542445192097
485.575636329841
537.341725461811
536.123516279305
539.954527703666
594.620449256768
493.595648888167
523.464358895514
533.25098300897
520.009863952292
514.621535002712
572.289859351426
529.391509209632
575.36734346643
533.150086132417
607.059709661868
593.874548264177
554.30044726522
508.564940539096
569.1897258484
566.0239162534
525.243863619393
520.735055122413
489.058883596369
554.795562674336
540.802857696708
496.534991401339
595.028943337173
525.258739258336
502.411878973423
548.866523159805
443.590834916325
559.592559118499
481.287118248619
462.752827303631
506.245443229076
610.548392873497
488.790160863739
498.713850385461
579.374767812063
550.563860098613
543.10687348472
503.481734334117
454.984018937669
463.363376122267
568.802556792554
479.428606652494
562.833532610883
562.048686576524
507.556912979199
473.485386069637
475.764400331524
563.34021459692
552.870581200623
528.202639565566
595.110537289489
542.694929222235
471.911185404511
504.174961751479
599.997715954459
605.86547476472
471.133520393288
598.82822850186
529.378894748284
578.38459100038
546.773215324031
562.786568856432
561.465120789878
514.946968184764
544.113006976721
527.94398218106
504.858741630734
520.455882098292
519.769005882944
509.823939351562
464.647154281271
558.458072619949
512.233234800981
578.222053215039
541.737853902351
554.299897041103
454.336142705831
568.781159558496
517.713640682642
514.665254959891
549.415511440884
524.472715680123
458.233116923194
484.911950741152
486.450867845738
502.442690195415
502.933103455496
544.938315816673
476.732714501852
498.056010402625
567.963680336052
542.96879211785
546.881240582258
515.031560027731
481.446976595266
495.896434135944
518.092285721651
501.265631485037
570.398050355773
509.562965000392
571.272904492409
586.655963609196
536.992390118893
518.681924554146
558.959076649031
529.182469366215
520.863072202931
486.877331226612
556.726216367558
559.679550502146
554.919353762986
524.157382998746
557.493223850093
505.545088562831
578.730796128701
586.629666230716
593.134170548941
556.015691405688
587.618438602118
560.468352288487
585.847317644565
554.008080759675
511.684378064028
551.513026662171
618.500398275377
508.388160106168
493.862356988317
437.684196625249
491.864004286144
511.703178925905
481.363551861207
550.520099478571
491.417084342323
564.395026081581
522.190184714136
590.964247799105
498.426182405645
550.651183455469
509.947630045134
517.593429158729
523.572934517054
526.777193036545
505.828105096446
510.508656391812
555.601525294598
567.439678952657
595.759762423526
638.616334054186
515.473839726929
486.671350383301
560.422428755943
474.189005759107
572.171653179886
482.135677124105
546.20470279734
576.662464408384
558.41875154086
535.044043220439
510.23018877823
569.166194403625
538.446430943072
490.952084851994
544.048914500559
564.220860597922
495.742660625043
622.228365469445
559.620699892488
484.504931126674
595.44371142949
518.835619979468
503.305357189917
541.734958949858
544.495698130804
460.754867866644
511.731433847081
612.470884458177
447.57273425148
556.697785208963
608.506723703931
511.935439021915
606.937771382123
512.468254157161
575.488356996564
546.29851005837
471.696063229741
525.009943769932
462.763153234596
529.316708458077
500.127061210937
544.165093623093
563.522942615354
433.238370877971
508.55137228917
515.853465541639
578.420192838397
486.724345889339
560.247652888004
543.882227358636
523.012865417645
516.523261866975
532.493008749532
580.920350847938
514.509273852911
466.655605793476
486.655576277946
461.559046482454
507.633901622883
516.345519873022
562.516417214329
467.810401546294
426.505921791893
495.156825878669
505.095708102368
523.016389909291
554.772950895611
545.621351978333
534.443111029989
555.765591466162
461.275043928152
520.100356565947
553.571777466115
483.019588614483
501.372591070043
531.919929236064
562.515502635987
440.981471095018
503.125582461943
510.976658041178
510.258555006072
550.797029123936
554.160502694315
538.534676654019
530.722463338099
509.28528026178
520.292394512879
459.726384142032
573.048888473812
527.712216010133
544.573183390119
563.895075571043
468.047640802947
477.109469045137
563.560342385124
528.980197532107
551.226026578109
571.118664716658
557.311716878114
513.502163116225
501.816422705701
513.81661890458
536.49855244738
511.565856061286
498.308000561734
530.723886964834
483.648567453857
501.412065041393
520.705316783643
503.545340820581
583.3680811148
522.766576710987
507.635040277801
525.965382735614
503.267698782355
467.355661653265
556.987672843861
524.379403185645
619.684770031431
574.93961160232
601.65236422772
517.52928382611
544.212714263796
531.229064672132
592.447279705033
632.141341627181
530.744386194163
524.74874002922
503.412581657647
511.730613878489
506.680737845131
554.64927485484
539.735441349991
549.866498393835
494.994959292912
514.531048397263
458.387807660921
543.542445046631
547.018681713705
522.693748284911
523.013640393741
533.773283012943
512.27194305842
470.576097017199
448.419412082941
552.507473039417
554.729462534266
519.544332624646
557.122733494847
564.876104093587
576.67959440231
489.918762614834
506.676786105186
541.585704169933
532.231188716502
501.852987694825
533.284434585803
549.288565306861
616.129135069441
448.068020422759
530.699940449771
527.614057112533
457.12019174549
597.110398226666
560.521174762556
556.597454467586
568.295294280153
513.742093567256
516.239482023131
485.159625277779
541.822819154162
572.228829579578
477.614036419761
567.769200732807
505.880985292397
510.732875501224
493.771084534129
521.17426273382
529.552255390567
542.141440997204
545.432836973663
548.217389760772
587.038478215664
543.67700019143
483.365687618473
510.817268252781
528.732128238772
535.828819281822
561.407044343134
534.864400214982
567.589770351914
593.873918072659
569.186148480109
512.690033950793
501.038700855258
524.474009448787
552.541475415696
487.600821834605
518.574222902437
575.447717890867
528.87876196809
562.988540642483
535.174390421407
557.47065016431
522.304314939018
552.493569234397
487.100470744161
528.138399671273
630.193558222694
553.192812294757
523.651402791776
501.613264350658
538.039242543
518.241603858473
506.449554128625
610.523029831091
541.286398592985
514.137442018329
504.927714953734
566.08689195652
619.972148539598
598.384154292311
508.631035508061
511.522140376783
496.913945288174
549.304393495314
480.7382652593
480.401483467162
556.647739544604
494.928678798869
520.645035540324
542.890774542005
496.144768103739
556.732124240286
503.488383062986
569.633951170323
557.597374346719
534.386616832166
600.760719162252
532.566019000074
520.936594332364
547.848442460973
514.829501748161
557.147793742552
539.706969429685
510.075237225093
482.705846565975
569.961724841663
585.540940008658
493.27068791873
544.608639569709
514.613641551221
557.658352911377
562.31452993639
500.826007261114
523.285945599438
591.28784664782
490.282043876888
575.227474826133
569.232005075285
525.703533913164
519.082694369366
507.608834644885
521.623440781722
591.015622643812
541.418964093521
499.415513657523
503.48784401995
579.692618427514
579.382917810478
543.591590716698
569.396856432134
559.928593861821
515.052804574795
520.528017140971
546.197774404256
548.805287799065
500.910157955788
580.417395195285
436.925555789174
539.991670679512
510.006409075685
497.337122455814
499.773794815266
536.658676038835
547.392802419859
559.159370347062
559.503024571605
539.182081357707
552.516196370964
554.301827749713
507.636939958842
605.206037925707
570.489867818739
516.286999519542
527.233600891732
577.872803937019
552.284986482716
596.224090916538
536.894151050249
534.209895642218
540.421059946547
519.847890643604
586.762691915001
510.277169970471
539.571795362844
523.881024873062
551.308426903682
510.955003363418
556.411346907463
533.416892689344
536.301360507867
552.858511640889
567.557521941225
587.00394157871
506.070032186937
529.788382942766
553.554193515356
500.968531045436
504.356451333029
507.343846805015
477.344770456275
595.460442563591
483.472683264599
531.741540047956
540.478491452929
533.529645477307
579.532736017681
543.840775732152
490.046480139544
571.627110867133
547.152633700367
520.894816124254
506.497604301784
595.016242255442
511.63637302155
554.964612541745
513.863545574773
493.283404209508
536.105764522038
553.015711893784
494.249187682217
554.588997602425
519.709108449281
511.12761947324
535.629409577744
511.635029640406
496.1987356569
548.233017924905
613.489629934696
578.112955865819
513.182073368151
572.919900782422
521.626085336135
521.86541356147
532.366123128851
546.658050350735
546.60244871095
554.517550602114
509.682919894856
470.469789902791
514.869892798585
583.335664709617
563.727359736229
555.069638106012
518.564365416772
536.693373930492
557.710285497339
505.531744300549
529.232840125095
464.38788748679
524.310928724134
526.871418907452
515.191164889541
501.561573128267
559.791898196481
480.970380253155
479.359924843116
635.057851881157
562.301189956211
533.232421958893
524.140254227912
528.117561316216
476.58299616772
537.634862837754
456.54238122555
536.54214878772
540.958069933055
578.29473180183
569.810022135272
561.398020153977
512.694712374267
499.346094648098
550.057270991487
540.686827471774
524.300571653947
517.994054100279
517.492654375847
480.910446928943
495.528372932207
517.095057213336
551.670510941476
595.263678803429
564.311795647365
553.820881958237
517.809940971395
520.769113399965
467.238175295983
569.260123760979
568.813908061789
460.626163466226
493.348056045101
544.493752590207
522.095815176818
472.335855235393
458.028973681098
608.413224634075
570.725398584567
533.994843911427
545.838529065781
557.641181971741
438.616834489401
522.887630293928
504.86584273788
553.384214438708
506.260993690694
550.035676891507
493.784777313127
531.003730588964
523.223165297466
528.871611379554
539.726194025843
589.953582246052
472.730583934964
512.110201011126
452.343177437087
514.4524299178
506.473013962902
559.622927918183
599.474017905657
507.250509318623
545.902704530403
530.162750579079
508.560584495306
543.85201831307
494.494442517623
524.914696779566
510.20917232443
513.290871604491
530.659223870336
475.141013996155
509.573963213531
505.060762150714
565.380282604925
555.855692624484
525.997309886966
544.558279485763
537.452575278537
604.478464025678
499.383359007722
518.378286383942
510.031663739298
502.968318114094
522.894810698238
486.691946631484
511.18276751223
489.32385233761
575.312762243547
509.363048307558
577.054765035431
569.680154705768
493.316215749326
580.996840260665
505.360912533261
575.413464628415
555.258560680547
550.09691552703
514.4585442489
500.528571652307
562.063050889726
516.060382346121
514.970275158436
564.063482057807
524.796443580987
552.788767748999
538.334909860866
585.324188690988
535.633865041779
479.337824660182
570.671178818059
575.927535602547
489.667244199408
505.167026330422
534.37383937941
454.382658392161
515.975708135869
566.390935995622
449.819559767712
584.750587082194
613.829915641203
509.02222898951
560.762354337024
532.903968423199
519.759040009759
495.587514839445
513.396236662933
579.435182116856
510.074259943554
486.159450547264
570.184723923143
510.004036755418
539.209066647526
529.474172220428
519.583226454477
549.262094318934
515.229000724987
556.677663345868
513.279655474301
546.735993188562
555.679834111326
544.815729334711
539.280812957203
539.155076251642
566.074127597085
493.027394833415
531.927374664397
558.550190596256
549.085110814335
532.556183513187
596.510115113171
536.393578607959
576.656583680917
498.691494140917
512.831789496823
550.357016254117
583.947757796639
574.099112244525
499.112935338655
563.325305855199
477.235121474365
564.956824778006
508.763683163746
499.035982330876
637.989227346379
526.549508456081
602.229968116701
532.856158612342
564.233216748915
578.407590394314
515.275341100239
525.750473383102
481.432875162895
529.409905376139
520.001949366422
508.446520784508
581.141336594472
462.390976103465
462.986039896371
519.136610754908
600.761973275947
510.054792153096
556.884711749669
536.771831099843
562.512102845998
625.772089053257
533.969380426723
545.150442578229
562.196577781425
501.288378189311
508.62689757849
477.925706374138
567.856373943962
542.269468625756
574.750662736476
517.519032997951
519.988886397164
460.322709157564
562.751117731753
562.194772824386
525.389590587845
530.201488821658
526.716169476191
499.012858308947
575.775024241309
580.073974021936
501.928493086096
569.47669799819
478.609977743936
477.812125038575
474.669504352424
505.578783412562
522.795962706856
538.625192666434
551.451041258085
493.613840136309
554.821883974197
547.86095864629
475.060400045353
484.809077504698
539.026268976378
490.04023278766
536.007439078957
557.190956922278
489.077248597457
555.279829650969
509.554707261322
577.426143246444
508.343869978337
492.351983420841
576.724539031248
497.684104030342
506.751196757135
456.954635669612
560.481216007367
489.49451772577
536.62044259229
518.009668780315
511.055976945745
526.348846011602
439.234429728888
523.947082022377
498.14505453865
537.375666175322
525.261835075637
559.610467326409
532.223729241504
503.367114614094
481.59881846511
502.806942802495
488.777340995642
486.792215544252
502.212755618305
550.322706269168
518.662626373128
575.970482768707
482.82458560493
488.387707014428
496.005379459616
515.272844188812
573.753071860132
443.84796657721
532.753052896145
492.181513638231
546.734900238181
533.400787416364
540.658690891209
571.908773393178
428.623979027856
492.180207910935
508.220542747345
541.553933791971
558.058793281712
528.629701684706
578.741444935767
477.33300508384
501.713442186278
609.535542815559
568.755224726801
541.785688301869
535.354087308204
566.074196064482
538.021284991186
607.533900444929
539.42896311237
511.750593425125
449.417175712047
558.340144307917
497.261839701633
525.89608568458
479.002490421026
489.219057622954
579.528907052085
552.186349210024
610.147368981958
459.562087221188
499.101856765948
512.323540530518
552.072722178153
520.950273519164
567.548494404992
503.754206969002
454.747028070545
506.458640985578
517.562896291323
556.104775021728
499.519991005061
556.708152414428
557.471471931596
581.150801815733
534.163480961178
440.76849178815
549.713596581797
518.877055851446
586.549686621006
461.104039142915
550.769998990971
538.320447440318
567.254925519562
484.256385856965
536.052816572594
514.016349174872
573.562714950076
501.482537435356
512.940261520703
506.263990246493
522.608723752453
538.850694805974
445.355844642546
516.238758255863
574.113759239942
527.9706644556
524.829295404873
520.652817292743
532.084526856047
558.645077920679
522.004421684069
490.496192206146
493.156643129931
514.647003691549
535.430111359363
519.190692919904
532.515250894512
498.855491330986
525.286899189438
597.710882051421
493.480962435628
498.556589663029
540.526527252913
484.051845137956
514.478950507371
548.524974832712
522.333011161137
629.659254584147
520.444435233496
492.113112015506
539.14910337564
530.312274540008
616.396182984284
495.095394646458
507.705415148201
577.655317265401
536.936464094051
491.04860970303
495.799603966089
479.455232021111
588.576858462712
531.322951934759
524.094809772023
585.145675960885
557.761768517504
550.268385238617
514.330799698247
554.96007148212
596.943676113502
515.429594938054
485.94474790334
496.748605137455
531.014616602723
418.809255567038
525.158196241816
475.654508402128
508.254748897051
499.989527316306
453.500407132565
628.975974689017
478.716494121683
523.932793994491
530.267652708611
474.674465261765
562.313100319542
549.033106019436
485.344986961381
572.552153745286
568.694390437154
568.99129247294
542.579795139465
573.057632750237
527.33807920997
473.006583653855
537.377909475758
559.47945792198
582.144749741056
534.621588824352
546.136527206144
531.614173173685
489.427258088559
518.887396883911
546.406329955333
548.933059177082
566.887151705439
485.474224535486
508.393797875993
512.023377859874
542.241877391029
528.442616663622
643.156840470538
540.895747205822
535.706498356664
516.849773358809
502.316802319063
563.363562276718
531.415362194159
514.690356216964
521.753233305312
466.88958791037
518.101994747972
508.497311744504
520.654261982476
541.430641276633
419.825755793469
516.451261264156
557.192850352727
601.703177194678
609.733487019677
539.190159119796
565.071403861361
557.129931464768
568.207186109234
537.308803780273
570.30371332964
497.337279159933
561.106106475752
541.52350900148
501.721278757072
546.755322987166
554.698461194779
502.848473380586
562.500671396838
505.788143016866
501.287924983642
533.606171234464
539.771221250213
566.800822779517
536.648965898822
426.125824368903
473.948524000544
542.580346474875
554.080426760645
509.34206518544
492.805751691248
508.554427698762
479.219036239224
500.598143642754
467.24518867985
600.366057037148
508.788403012667
552.741881746851
528.370161071352
451.27655273699
573.232268807257
532.671055017409
508.144080763962
565.027046553986
494.172362168218
569.747714906328
516.064315378961
532.479684941844
548.689605754488
556.689962115166
556.144220923106
524.114148546572
583.456652850096
495.33455567813
549.460794069208
527.652692148451
530.700085317063
511.868435594555
483.511484419197
524.370814374455
524.909104429261
581.275553799559
486.993569087807
541.535197299915
516.799629713859
564.105873498992
560.807179477212
524.758865077175
591.406651158372
533.682727005397
523.254281749332
543.211353661025
538.817801078846
467.060055629393
548.413293716379
478.688659556351
602.835121608495
522.946679883912
555.373740190339
567.961665604324
582.880957646976
530.483708500849
516.044331433839
560.464423929496
532.401881761832
572.362364119852
525.984999680922
604.591935914186
478.96971354433
511.517429243244
543.378169663312
568.093850349283
481.132012527826
572.563479612445
586.078591342087
512.27711829457
524.924219672226
500.805759534601
603.801237147286
553.4242134248
444.879319929448
579.781370707186
472.534895549002
458.119373602167
564.295606444481
636.747590839852
493.592113241729
492.399157301882
520.280538059025
499.154260173927
562.594790449643
552.640601037289
500.454391756282
529.236606359321
530.289329559886
616.661633347465
553.145491699207
479.868141539082
554.933699136853
516.911891468175
506.450247863482
503.435405639478
505.135673186413
562.618108141756
578.14963002528
594.528965158433
549.745368717886
472.897129772676
511.894242427351
528.546194860335
553.649563980093
550.982101908668
520.892501524827
478.544100997209
515.288930832595
569.476420388396
543.454779762448
627.957096682626
547.894389142831
516.723213225958
624.604205348446
529.500901993947
535.908074512604
501.173128672433
583.668553253493
553.580451534762
408.575069722385
500.48994602016
503.535535451029
566.120737779954
572.992658619223
491.009708337629
505.144407096238
494.485803488035
546.261807586524
609.10879500694
513.850739099415
539.094918964239
531.967993226858
528.32336240317
467.458626806219
555.172483457009
550.064302527835
532.505125520352
540.993476286225
526.35842822647
517.83062812982
499.298842423757
546.043802394666
512.204344471226
506.85497992944
494.153053869692
513.01710382071
557.155676710498
525.182518318647
548.441359595956
466.050204149091
516.593132657457
481.331778669191
546.041456511527
586.052900766576
496.488033379235
522.830509749995
427.995709871223
515.026056703959
481.657364149107
594.983192100043
475.479355504448
514.641036853563
494.371717954048
595.223652148273
457.614811196354
506.213865411343
537.219690425832
522.706614589935
521.943298236471
563.084315199485
508.86479489898
476.462672921274
553.247456988898
458.996238605446
545.973850363066
437.876490778617
542.831105750719
540.24402208901
542.77383909134
553.870001738865
547.054611300009
559.861554725237
495.252334395394
487.977478040785
596.533454893845
533.676094091531
550.960716351853
557.710932356912
507.433415916343
545.798399611275
565.299128100192
544.049603610659
535.923701032613
546.461340767737
543.411540380497
510.138585414355
498.113442343325
554.693170292273
550.936109777222
537.319322172163
581.397777214946
543.875152202968
524.497453464406
540.983354727525
592.365001281098
554.680043692951
538.005288475908
508.556285216255
553.807306381578
508.489866365306
490.725720864321
582.227090925324
554.709597885868
535.262393212098
563.901140572451
532.164358788004
561.495134531763
587.381250883222
539.350230269124
500.823639808208
525.231575693176
465.01212957248
551.141706052617
464.590494382855
498.678730068525
567.378504401308
519.886181809038
520.093291089163
557.846407828015
484.870517474717
541.188174631777
547.7756068839
431.555420811432
594.103287485804
543.025537843734
584.3518838165
563.269887222936
628.483965842343
528.075006003555
578.277838483438
575.646133716756
489.598805346809
609.403974532644
490.380535362192
528.857468800048
473.697737965994
567.043749874599
534.100593507528
465.139864281027
649.426174286285
564.710211427918
565.594981868073
474.518692167404
570.779155220599
517.659919057861
481.719997163418
534.128165844788
490.907464538701
541.04370382835
530.845632004085
497.945868430112
519.735146552643
508.79564643273
498.425770995736
448.943814908171
490.179405741453
504.395416096404
506.846506240945
587.488245354055
550.768063185
480.055958483252
528.515341520389
448.684700779706
453.137340580992
521.165530314621
523.592487830817
491.138373257559
534.675209290833
578.821471887114
509.915069508323
561.033930810745
470.658947384066
537.274445049385
539.024598979565
515.354247044962
550.563169803238
465.04602541557
490.983315514082
479.451432553544
468.045607673905
500.554599360651
474.094468489838
535.784459594953
592.184725977945
556.739356428943
478.490593021045
606.80422972073
591.873373028341
550.719561687323
491.047503909944
530.509120060504
591.242614715301
534.286896679735
499.485733430783
618.172116297388
516.434585871872
616.000702995133
532.354500916925
553.509840784828
534.208859125389
528.419288608776
482.369274174917
557.32247765726
487.480544893784
521.072686398065
571.557210702371
557.519164743746
549.235805977714
509.893968227002
584.331281457302
567.972200380964
500.669088580684
503.428478405237
550.040131744675
525.396444785297
534.58513524785
560.785373206379
585.62868777828
541.321610221441
558.861058116662
534.693697288264
519.250515434379
584.173887441884
559.726069554603
555.890183840949
515.920017484195
496.259137217809
601.864803738746
444.332792022806
553.91887582976
530.764552441607
519.934439706685
546.06393003269
584.949395922427
558.634121727968
516.615210460365
517.035294880138
568.326762621954
530.505753602459
518.116620463125
470.621179418477
495.197814587865
590.121417385944
473.984151297094
559.236697537823
528.004899170164
514.861715204536
484.915684220424
498.59434945259
538.231767471893
493.953115398758
516.343518160795
538.516069219158
534.096489320937
562.509931344175
442.547763504277
572.82778071551
588.898718479743
462.387924571957
489.544798853669
491.790565746154
525.200641977087
461.874131450031
538.210663183099
535.780480964311
475.089567257883
530.380479057867
469.402486929196
473.873428604054
437.911714744508
466.665339334118
572.377360419544
476.051012883498
465.588116934739
492.511191897196
527.7997315575
533.73870154388
558.285383560225
560.877721674268
517.035910654373
546.894069398163
530.516979063537
554.311739704228
484.842725309763
497.168980151835
464.248341711947
508.427685358713
617.968213184448
513.231595260642
497.543398102021
510.695611150156
536.429466822212
557.377777755723
540.434493339958
443.28595766976
536.973321916338
536.359400364473
546.775122782766
512.357856236867
540.084255484805
537.098224780758
538.711650373119
464.86430679055
672.983090314447
597.114271376255
553.201148092554
467.237795692685
468.720518897037
489.148866000707
542.473813631742
534.821153592762
517.159449444276
481.786283005254
549.090953368787
552.795332418559
493.622656645304
554.213402927225
453.237613660005
553.936860710802
633.425914758644
488.30569812782
514.356003783038
562.54525083677
559.395809473047
549.875618940208
564.938299058515
567.986172855676
524.462193382389
539.426105284765
509.774208523382
525.39149764731
538.052128856362
498.968004812003
511.423646066956
519.406480679226
510.449009640849
558.673180224416
532.462353284526
613.60901097738
551.062778505943
455.225686141728
485.247338122384
530.648763513819
510.019376360537
526.59709723309
543.731866161701
513.574184721621
550.401796471549
563.130289017139
547.75765981322
578.531848384643
548.747013158497
449.945765102017
452.927706891251
522.80362074562
483.184982747646
518.170651867217
536.615936500361
495.508917896675
533.357319909562
506.069662851341
528.837717841912
560.013900757218
595.799782683039
484.612121325944
615.226734928365
533.447140699486
511.386673239977
568.303993939734
515.81194719965
579.92148732191
564.215892324085
539.348226423958
512.768471843159
517.640082798784
559.093248726638
564.981201458722
589.172035169894
513.268955411331
537.95442682868
501.453018908354
488.654938583505
499.498102469233
563.409600181877
526.931437406053
564.239082440457
567.257297304239
534.856738896356
600.633533601391
540.11358008592
557.708881633729
485.882095970818
509.027695593785
517.449317864068
516.767689608489
534.083709798298
493.395083990076
574.660453362383
485.129377358309
535.498964956449
457.785373837379
553.98219728779
580.209671749346
465.056220646107
454.403592834129
473.665241850337
516.442612138594
586.08517610577
493.010290464399
534.769908422228
503.988039125218
513.602019454659
459.743367084444
513.597643277049
478.423556567817
581.889056777088
560.375787111088
505.74730600478
531.632329553552
444.159246464202
530.631700746856
531.302216379693
495.080135667359
491.003758838699
543.749959428879
566.278802654116
526.681857065164
520.355697921985
576.323284573732
414.748473622266
492.246474043271
451.043886520903
558.36815171889
552.973779681141
573.320516825377
584.63587887589
490.369930901226
486.539836372152
507.769512150093
545.705176112855
475.121588927724
517.380480595185
475.724086732126
557.029762496206
569.874628401305
512.171492834558
501.596268392615
498.896082004907
538.772287854672
545.511562011472
459.874270964793
588.930728631928
526.232740817938
526.610816237486
491.989592737235
568.500567846375
511.222451741464
463.845731392382
549.543109406061
511.589154897454
589.311042327059
555.171383163298
548.220339473045
511.08131662222
497.597625842937
485.403981759841
527.825418677532
483.325642872164
567.792042160153
546.978700693264
543.229322775218
557.331031626611
492.217341159146
578.355116921828
453.843910518873
535.836904547346
530.886648513307
537.244276471026
645.26591079079
493.28949004855
586.415372114011
546.010604406992
547.903138383284
559.358721160988
525.511460368684
478.488546832333
484.176598668416
637.102867302328
507.379822401419
538.834739250609
596.354335072511
526.115516457428
490.154674590022
507.186380163846
539.127512775715
511.412211333769
562.768551935512
573.494726376066
557.964973364222
550.295087014793
482.244740735452
477.988648451853
559.813251382267
523.628212442986
513.416421787808
503.873600855319
536.940227117487
489.880578355447
559.254885930614
520.75814088038
535.252622223379
610.663881028883
472.283045372206
538.432963567094
536.930366337861
497.954962048345
544.861707275923
513.791333608038
527.6601357937
539.89540932713
515.443814477777
498.689612634836
504.098510825335
588.402255345866
523.080718243304
531.667038905526
482.950104478134
554.639116279582
527.578636493475
561.002730354608
485.345507118892
568.419304570571
515.46915163161
530.589254431619
525.07503851429
561.91755240679
534.195423387446
573.698728480493
507.099765509739
475.819345105352
475.185064657525
592.658911634356
471.726188232883
520.284215033438
508.760233794666
534.745685366882
583.437958177459
612.371121633718
510.955136410738
598.609396530336
496.040054383054
544.848863337466
587.921793699329
509.141202736385
573.200401479226
501.084802010162
583.855698068288
542.403463744815
548.536853666283
546.357114627855
472.238041260224
598.009906563362
522.678224737187
564.498002510358
549.81206887689
600.597858180514
561.664615969913
553.635953537379
514.186183333886
523.847526822686
547.427125621997
567.37165969957
484.757825411729
481.295100128958
559.203748572639
448.990036616354
476.504641700087
536.309505881727
529.482893780147
576.317549117379
492.611773840646
509.765002854448
541.419830511562
486.830978038254
539.782619522184
524.339705347728
538.076830862785
520.068031899745
543.062208174913
489.285580708275
528.795440621943
566.856117391773
525.841851575923
570.011880198187
586.397135544628
566.634060648836
543.607542570081
514.748228195811
495.609676335999
530.436360613743
493.834353798915
494.537501204113
559.184295043211
567.264279844912
534.324837410812
525.590695237023
508.361415659054
479.450289216304
536.038184092476
527.040644658005
541.327642757541
527.659776600962
547.996143453719
539.904294175029
502.163576140952
548.177397938362
511.721557858218
529.955713427684
622.238241834721
514.997087943601
554.262489198322
543.741624525177
603.6805363055
530.648400983681
466.450999338796
542.189896936601
530.879953292678
556.749441136674
556.819200534331
540.669252758619
537.77713557787
603.392300968394
473.9014759986
493.458969020799
525.587091835019
562.930863702508
470.542919124585
471.328472672608
529.646687516276
523.214770159296
438.592293820984
557.458214001346
538.113424887376
496.562277797979
538.974691772467
560.02632272504
516.505301576983
509.261536690646
471.900240729907
540.838928668771
577.14685915774
584.392526115632
507.727952330101
523.215105554868
