"V1"
157.937030417882
195.804693242995
79.1993428498502
163.600349041513
194.453587957701
196.51571219142
80.4164228961744
199.908236027392
242.26504357625
232.006043155269
158.289115238488
231.938788432082
159.888730303322
277.243247318164
118.354047618393
282.107130381282
302.62407872591
347.28710643682
160.646017083708
352.824908940256
235.264946713868
274.427840280622
304.039260300928
197.912685517652
126.421718806387
238.998431598493
234.083378221899
192.882707712608
306.889256357854
195.382627607978
235.237316681391
154.81284901755
236.322257520227
156.957327549414
193.337516921275
194.102360785502
233.287050022263
193.575782969158
206.007559147619
240.780930272959
268.094823887357
118.901203887584
120.510668863176
122.645982149334
231.770218654652
194.709120753306
43.6385544922684
269.472178986861
272.648401949275
230.117266487429
269.563468711509
203.665561936397
118.761686962545
195.7278160425
118.215790524624
231.196954207881
313.111693526781
310.362795504372
205.992859873611
119.288751079448
225.875362315355
81.6788263807049
199.299732546225
194.815656613825
197.213296227523
424.180176355376
173.729623834425
231.076279978579
275.29194283666
158.250135136199
118.358725477672
41.183909443073
195.236546002682
268.85332333095
116.887257272748
194.785829433985
196.208653021408
276.960825580312
192.35612981718
156.732326349707
230.298600683429
117.22897591007
121.18956533391
230.672116746684
198.783512628331
231.680351054169
232.49728808381
157.631839991367
276.140084699725
154.306122293809
155.594653199526
77.4963617535357
159.539788016116
257.362688177841
117.276983923559
118.201911721309
192.937546895848
234.922628134732
363.20417054435
193.94926969907
231.775368588754
229.693925441246
163.466937215316
270.110900019542
194.246333138583
152.460736255665
158.834190087679
393.939140257223
153.539030383288
122.508859369423
274.867437380475
320.767110988845
232.73993136389
194.024768716949
191.734243608582
165.388084993755
203.858971029629
42.8427397611675
192.421009776136
194.115310613062
271.536505278229
155.091949468439
273.712631965234
238.808417991975
157.303741091805
84.6906446628515
161.40140464334
276.798029843801
83.3033013732699
197.687677851461
270.277485706059
344.660539884243
202.368757473081
116.446822438161
311.862182090053
235.864652123531
195.13603816808
236.42204941976
192.30100461533
243.878608337973
117.103750894155
40.4636745348949
230.86960256415
81.008521745325
247.099357730063
204.993213923485
196.93090518749
78.1175591173156
193.943483620233
157.129525953712
79.6680960657501
307.996801432637
115.615871380344
288.797512405
42.1961959925195
310.237034947292
155.564533221453
304.830733691695
77.1587831398819
122.308244678823
156.475136774255
270.011765973778
118.438426103757
233.707417068378
117.207384564146
120.8799994533
116.078914467411
313.827739427794
230.345290621663
231.524308171353
79.8815092612882
82.7603475797073
192.225051111266
238.584381002015
343.595501836702
158.911389505734
194.954767680631
41.8615889396214
202.783191986555
38.9960947079279
197.778848158252
118.424370424236
201.419845233257
41.1144807071052
271.800355236058
120.180229438934
152.295082569911
197.77611572786
163.592348087549
161.421550969594
201.333632715652
157.274907636579
203.726357492436
201.305889012159
202.321291974632
304.431958185665
239.056621512217
159.21626608077
194.761546139783
194.864262862146
202.911921461074
194.679447410016
79.9399196847551
312.359523013801
192.906317747887
157.115620224275
118.457143893309
192.061427671645
277.780383786406
116.093580756451
120.893725436837
156.974120664746
153.615459120195
197.211710248971
210.618743291723
309.259108911032
119.667454199714
126.64233249587
117.12867749566
305.09133536759
392.546970223901
352.501860126863
272.880620842408
119.834531349335
316.935918316499
197.783353801376
240.712793759906
194.984742949531
204.035451860085
194.173147064223
347.239644185433
201.245196686614
159.588161855138
318.11606383918
232.089528884457
116.114825503201
164.479747999043
154.134728702747
234.511027821865
351.217884884452
312.59299901016
204.839107118669
200.742804971555
171.965821898391
155.538086323519
153.715218298931
201.1490056283
235.737298738995
155.526781929998
155.700034621346
161.981101638884
120.29078713944
192.232098527935
227.596947145488
308.481814929294
197.116364719039
115.634638698446
119.138098032909
167.43034863427
283.769069389514
278.424498074122
154.32411788877
236.777284759688
119.770978638737
199.264396252116
232.660628698966
197.848791631759
236.167272743742
346.827743774267
194.073628818858
233.126863980958
239.449597889976
235.186799813425
116.632907477496
191.69321048714
120.90589877722
200.921880363811
159.407691412732
199.974477588887
126.611770127029
194.803479498861
198.0311975011
310.263556138775
277.58400352269
241.800132515463
41.73246147826
80.9576339151072
43.113986206267
233.742043714346
319.389195619588
192.133073375929
193.355918421652
154.715017183185
118.516154061756
230.489220841532
169.437954983852
118.798767176749
196.070131513525
118.152728426446
311.054846797143
275.358924109897
201.128297939707
267.207750558354
40.418156585046
42.0144545235302
198.114838043655
121.803106286235
161.121990391486
117.350077901734
116.73633283426
120.635192262491
280.258906629496
271.910359516244
310.924073932889
81.7591716298844
280.709872849943
234.035404252481
271.411243614871
118.303188493904
157.328995639635
117.736855402349
196.851228727182
163.035693369959
194.069578977161
197.074998591323
243.883635034127
233.280823514387
235.791759853088
195.199559074038
233.692442107819
194.954966402486
198.396978458255
156.251781150638
199.889154946488
201.73985271744
156.714083704749
159.72391888351
276.045131616579
NA
240.300962998543
274.334995350275
351.693965505829
196.255582881394
198.119586645725
155.205740978522
393.038328891185
243.145209905675
117.881137841044
312.860990240779
41.382455134922
311.521255866661
203.736329118555
272.130311699206
264.959230043932
155.284437545036
123.842393518951
272.74573363895
160.501539109549
227.301593751418
116.010180671955
311.376124925586
227.430156902727
195.117487629936
117.060870558234
78.4647001980233
114.849778975854
272.724596739005
270.881040947619
119.337714939132
233.128294522999
119.86603653008
195.449878345467
351.137821550736
197.934700702272
234.507093923297
231.703301680957
235.354971342703
118.315350053604
158.567454714952
228.29548906229
228.55096468661
194.757509966198
166.964406222624
241.156861160877
152.881146929369
42.7316682223876
116.493105726005
197.895783295098
303.104425939931
310.228479074612
42.166615861172
157.537307823819
235.092850664122
158.640089225247
313.814849392592
121.207004513773
229.163684065796
239.961043593492
208.423551683698
192.672017263579
158.040531426358
201.777655967764
229.356768065547
266.759089316922
153.874605209769
194.129704118091
234.278450786617
325.735799243618
116.324004426137
121.928688598679
204.890915954249
155.843771054912
317.589130981941
197.00010118605
197.799707124618
272.331007901794
383.213868082535
194.93901480117
252.354117074922
227.462451858842
198.895197947659
234.166001152694
204.696092818166
156.701950901616
194.441240360925
160.380638811802
119.834577658179
230.63222839256
269.422601456694
239.763583908379
117.09680312857
344.448741881761
191.487091277513
348.628862146917
318.818022314599
193.37294804531
194.517047843742
158.504486459851
42.4380098743974
318.877149705589
39.1919482527993
228.550480747047
228.944730086115
243.091978230349
192.445972623258
79.3458628316978
368.662646586669
156.21054631463
196.029261906604
242.824448388678
312.327085392704
353.828365309646
201.616267576034
158.024726292174
199.364463031554
42.7988876833264
127.081584421585
233.636036234214
231.511232095828
191.203810886375
160.069573891354
120.571743247961
156.513382819936
198.402260919465
230.880465028959
204.477887978051
40.3011928626902
158.448835169427
117.819917373636
192.321069098665
189.075662438624
194.130927050155
315.562964206926
243.84157077955
196.046016305231
84.3685353720318
244.067442718933
231.15563207153
268.891933085102
158.660805670553
156.451848143671
159.014534669842
194.580710832108
196.819621618397
272.562468786179
233.486040215587
203.711610236001
156.367438804457
276.717454052117
116.337039831192
312.739873736719
229.826823563032
277.688941268538
159.756268238295
195.028915967615
309.141885823986
240.482458195587
115.892258870756
307.912338002609
118.335151164241
80.6041278166757
119.56720717684
268.935613481224
157.84342981728
193.724202989788
238.747960220154
198.068737762951
77.479636644067
266.887124285323
41.6999430448542
78.7198468539984
316.344407822733
205.398866700319
121.220412769784
159.697854938724
119.579643341557
118.440327899929
227.618935735839
157.644273934311
237.264587684153
79.788388282475
192.216801476575
112.920807485442
123.73594434059
157.515481141505
79.5021422826347
116.734642449986
236.150974928028
195.405668871071
161.663667557813
229.184427301689
194.751927422957
194.803541014038
235.164632651973
236.142210747044
157.435127942639
235.455004368443
270.112992657932
41.7049698621885
115.811126600237
242.451008921509
243.048699561158
123.933114698275
196.940193167988
201.739167775121
356.043142697265
195.592519268662
231.889448715146
234.676551068323
268.326094289036
274.689350164562
42.8403476133367
82.9658547572995
192.380429653148
42.322354712997
234.34915010026
193.56860344808
116.00278434619
113.296756359662
233.130797619288
154.590626675642
123.264915148534
275.967149583295
117.737962832214
197.485005325618
159.772818361905
316.914719727595
116.702034701054
265.80104901295
81.1458597485378
309.898963903241
231.514066783836
155.278282727098
41.2760441148137
194.526587722597
159.223494851511
40.3496561541253
234.637783853764
316.643576530922
127.910052037626
201.519514786843
153.818629353174
192.970390925125
118.326523123941
193.309325476345
162.192083748764
160.361155377616
272.188751636655
343.960008758348
192.031303092101
307.634045758502
231.042001918363
194.394429031698
154.703047660921
197.322979652125
237.037702007627
116.011117155044
277.34543307777
161.429642860752
359.468312812054
200.008942675784
79.7323112417169
154.852053758978
80.2084304591698
158.8022672397
175.19743018266
266.224387385231
423.973397238312
121.53841581265
196.359481433421
41.0874078275273
197.992877221242
270.638182715197
39.954899835834
80.0587184459494
194.259257716946
199.208540426872
192.779427125704
271.938299252145
317.446957555311
237.449865709517
199.995870273251
391.486694252762
383.891542122924
315.447038879982
209.12421007424
158.276373623511
117.782956192442
158.702283193756
121.196237699991
233.51617965081
78.1475153504666
155.669091589187
195.300463699031
154.299783565075
196.550217647111
199.658660208238
239.079861633736
273.133540031556
195.589914917255
165.609060111871
395.724420734106
117.85754866965
80.3626170110121
200.017736004668
270.58518038532
41.6396932271924
157.269224325683
156.153142200973
270.645123670113
274.213913665007
119.64434301335
79.7838843539489
198.363333526636
233.181515767321
120.98663768025
119.566388190633
202.713104050635
239.779203200936
234.793639425242
153.61768898051
344.759695184092
277.931423767164
197.506570970436
195.062334761151
156.380342581999
349.690366458347
154.222423665873
159.764861999868
269.967409793899
273.468096121922
117.849376262137
306.344317312181
276.500718616773
154.962161050324
350.076497919202
232.719386126484
154.134055923795
86.7340063001574
155.768821278679
161.704635200207
118.896824491086
117.248762142796
276.267827913418
230.331433196248
117.589475387773
304.687927305693
118.861790429226
115.963636519966
230.946334721508
80.8407619246006
163.23690397038
79.4535435679198
196.626734091825
164.980500241647
197.600862604369
80.079043262173
NA
246.651104287598
121.133223460723
117.158390483698
280.609404609429
194.364343875484
196.414165624658
234.983410073742
194.493235350787
114.066205753025
234.764611561771
154.671370356788
155.014913045334
195.787754907156
117.461080290173
200.14804230719
156.640001023158
115.573429131207
196.221924263857
356.381222861619
157.213192677538
157.251362325853
120.257298389114
115.654541666591
116.896557503884
275.617718323226
237.500358240823
231.437472257647
272.826798113052
162.262535773162
363.160973372529
149.618252911905
193.737774437325
120.012879975779
196.273646671133
117.930987519484
154.779175997516
79.0910039727929
118.41205871487
118.978016029809
196.472499627506
273.835658820851
121.731895699558
196.73551280075
124.539324743263
120.374609220792
313.97027154778
156.86571966391
193.934697280838
240.60838995791
311.488426539283
119.248999573772
231.780051875699
233.202150412398
195.43412938646
197.620157600517
197.359147179298
164.622923407901
312.976339610724
196.659103499553
81.7085544126646
200.847858191976
201.121996691673
200.822622811136
81.2147341214259
231.869762644235
270.263456431237
236.671850323362
210.929363709
195.783059655168
343.223631590987
201.070806392224
194.116072614828
161.609008861214
234.13397346288
118.930604161722
79.0416753544447
78.2196565415167
160.546385316663
314.886833761241
155.451963372605
156.216905110872
117.534609699586
233.922926445117
116.435424233833
274.663667847002
235.413855592106
197.92573320936
463.524877663396
192.442440047677
157.056622459367
79.8989563534037
282.471615553835
308.368703131887
199.72626362998
115.418761358312
120.186526857682
198.606381473503
240.675473427102
118.873257448878
80.7087307160896
312.692903629036
118.324232726286
240.710268856512
118.647139299549
195.278027358747
238.421758873425
204.195211456522
201.257625205807
317.297955076351
41.3796231051266
197.869032136848
356.055913357717
271.533073191378
156.396426601596
163.282143016954
275.108609556221
156.341056502027
193.74549894061
123.454892760831
158.444954369674
153.232905232232
118.21395347457
305.410739532795
114.890792184005
230.238325348208
200.706723276934
235.227623834699
234.613911358245
155.848004657057
157.331360227709
266.653733018466
122.44883133161
153.568676829698
239.320659210464
234.023850599684
398.335247519725
157.938446171597
313.307933912269
120.442347898914
235.210360090393
115.257086510518
271.873223191336
195.748618406511
158.181023100931
283.115510279586
269.544060800197
209.439017721834
196.650443248184
118.11271823872
161.377208894212
311.616683031442
353.163630517911
339.827195996006
129.235064815991
154.122297703334
81.4883675390751
232.872937125258
78.9215356414843
196.795141242177
231.562930535178
242.993480028288
157.028357658197
116.274393728335
205.327428643806
277.752568933554
199.742824583968
81.0360068546266
232.171643780141
278.810557767461
311.020679701732
117.666214889374
197.185862350798
194.764320211109
157.724768035775
159.430347242222
241.809985240018
282.341625286959
79.6428078396697
206.210829633993
272.842721961798
156.8757698902
272.312052848831
197.067081718185
157.678935145189
79.4834811403083
287.607852187823
271.55235832812
235.525627118118
42.7551088897103
197.232479321998
160.769881339398
282.052742502864
41.4968092255768
195.83762836413
121.98225147856
167.033510888196
43.3713047167429
240.290323476147
157.790055200371
154.449465828398
232.808929496659
157.245915926657
226.442419584786
154.950216017514
123.006856147042
228.877604429524
231.803567299197
322.267164782551
231.495501607282
151.353248376498
152.600612630019
190.326678014411
198.46548670987
155.423470929305
163.908897854258
195.10789774083
119.980848049871
230.452985396864
121.17417242104
350.47883326023
193.353675850939
158.319949776016
191.977088105051
116.111668691215
233.723213027121
231.597603975508
245.05360209275
230.156412595503
329.29350573547
287.673933251048
229.886849093531
235.956577429567
234.768307578044
158.922207662634
192.088662326083
273.038715663815
158.955307693892
194.342546215837
119.593645566361
270.555021285625
155.519681005999
158.229477095665
119.838494793252
271.643451902622
199.772247227557
81.0612941157848
200.872585904157
200.921660756527
348.351396870776
270.586759042011
237.434769173738
276.639873722491
156.57922927178
238.542377587078
198.349320223182
316.358265314956
272.496857658701
156.641364882398
243.179610436863
153.921431093781
237.358894915985
303.300807040306
194.327741440167
192.031706797111
78.0090524623623
156.479295370206
195.991570192992
117.510839711367
79.9895908682261
150.41725257337
195.354873017415
228.265001171871
200.534846891391
78.9745402746086
272.85055597884
248.723261645027
197.756629258181
117.78284213072
197.10204910258
155.522665807629
195.340038246617
232.057328749561
230.66292471203
117.892779917451
159.097393140627
396.319355627017
116.575832685392
157.662712271739
308.689220986875
202.669798814228
393.211454521215
347.911745923802
156.619717430929
306.910314433255
269.753110921318
235.301922170822
228.685828907894
200.0612483614
131.025801849807
201.085686059184
116.4145577601
238.059747119149
191.753965586119
235.756056042583
154.572799854944
159.740622097177
NA
201.546276176206
120.875337142936
328.990860112693
159.551290549445
240.318261457714
313.38818664639
160.39581218773
273.332746834998
172.310633728458
274.956774270278
228.59663656501
39.4727765535463
268.728082296555
79.0446737049886
156.146741437548
316.176051856914
287.856581576824
158.785128740857
236.359156893266
117.963723154663
160.970667585711
234.20025662427
233.247506824218
234.425020940949
158.589619682205
276.237602326566
154.040173432737
123.803156773396
121.909423496521
120.947194334961
279.180368554921
154.303357107269
194.218940147546
118.608473471817
196.251844564403
202.91251717887
156.265201342609
41.2468339838312
200.397847196075
122.959913690418
272.875851613514
84.1494039798494
116.976496568722
117.380444811701
180.505111583927
232.329977558703
155.902185501265
203.624956189708
232.522744339818
120.583875747132
154.038211040178
234.625323587621
114.4345698957
116.373857274262
154.903706404486
195.585268533547
196.691141285969
232.284470800414
201.554430763618
156.041519692474
157.945349913704
277.161352635252
118.518444472933
80.3673357992134
80.1248005531438
240.644964248797
115.766857848728
275.842458105112
115.15455211788
198.559257721012
154.435358296056
163.65784870593
199.226431091374
79.4288554383453
75.5121891494991
233.449855604318
194.469803128913
229.097831324971
356.25770306958
130.245541309944
155.182540567159
117.840834966741
117.343817742062
272.462005671834
272.197984806616
193.319631630184
158.686739495167
160.014834383215
158.191682067185
227.571932065458
202.468177194694
238.464495327483
115.375704579288
158.29187155477
202.036717762264
158.518300099259
247.311150577555
233.6139995126
239.531493011976
197.592309934809
195.740962430418
118.22647942929
230.091202731299
319.440667612807
78.5606207181339
282.001719976794
41.4807217266577
276.736851242417
201.496111283086
271.194168376318
193.234058460729
272.042103428107
230.352747953206
278.157384217263
156.050866384803
194.618208309576
160.412052500291
118.771649856546
121.536981706877
116.710295364379
306.231424540044
240.11409983304
235.582222332053
161.942214950789
41.6796680082389
119.600021408149
310.459095097455
120.789251830131
84.3679770573336
194.685850434458
81.0647869866576
388.540075204694
117.911481512218
159.032502946783
158.677607273575
316.891663591185
155.922885218699
119.499243560321
267.983114691683
231.951799521579
119.821884802783
236.545321288205
202.386188894918
197.068440481567
154.671642023193
197.416268125151
122.561934871816
245.131204597448
197.530260640397
240.618989935419
120.080663974147
234.560626240997
193.595460122162
280.76834575411
198.046231354081
350.099428239726
163.253738178442
79.0252908998822
162.29079571622
362.413954797977
193.386129882714
192.880473646809
239.822819446512
80.9487313332842
352.312091798874
41.7532785806294
212.361033750043
157.344642878135
155.643499088863
117.260086675379
121.054762555729
161.772453117648
391.134107784202
198.475479235823
80.9709444494903
88.3593498845558
120.879952997255
198.983465059673
383.971008049275
316.200497713441
239.473096330182
270.999044731617
155.666343463889
228.738974575259
194.961792969789
117.869946558815
158.49275183854
201.679883831714
80.1756263982546
193.385251704459
119.576992762319
267.049747264127
234.728340971294
115.931538819266
199.10336528237
118.161968079324
232.439298870191
82.241464376367
233.951758516365
192.229108392839
395.78553072261
206.230175611897
42.6638542410182
193.592877321782
232.002409146949
156.248480010159
155.636835127385
202.180418487149
240.906498369535
268.195266430472
307.095280345395
193.988518395765
203.013047498021
203.461011142915
192.390232252666
282.251933660348
278.974921057066
120.897340152458
198.368113134127
194.142034123792
154.1327197408
117.106160393773
116.0086767262
194.406077543126
191.136571337242
202.515927910484
307.182586746841
196.386289196935
41.0299314296978
125.963938333736
236.240333150147
277.643215681798
195.248487092562
158.156285244096
165.096738221795
235.412440897298
157.158344026928
198.292948986048
233.224104234274
270.985000671037
78.5196897676811
235.348569674237
156.999210676743
158.907218632341
156.495429070556
115.886895302526
231.815613480624
118.248410434828
193.891612335113
227.581948887032
276.625992417751
344.941841156869
199.094336885137
237.633775470934
311.774467011671
193.284828814998
191.952706528452
345.127417658035
318.538658321767
119.485054022604
234.193024114412
80.1430518150712
120.504119534335
116.568425269294
196.047504241551
351.396765186416
156.846615252688
116.360186322539
198.900456577595
82.9804545283168
241.296364204995
301.895088067635
155.449101024608
236.337190764541
314.859076252862
118.842530238273
121.47773231743
236.987626173459
360.682829095448
238.681055694794
238.374042551931
167.43122737782
156.381423454654
160.071734533668
196.281430254967
163.010325613491
312.045675890102
154.874112714331
192.876810713122
261.908369658613
153.090402304774
262.698557400552
231.323259953306
155.538866951636
119.372736953366
193.599479546083
118.17505296975
199.991860854311
278.1183194064
200.361844832619
196.331197094576
242.520991402848
309.821511158636
158.398507683314
195.812071417544
76.0128826891203
268.661271858015
272.928914102317
42.3016647450463
79.5256298823887
232.12389577667
309.266319432338
78.8150997841465
154.713802705773
197.058477359586
287.397814623247
314.851472833623
240.647850370626
435.711965778984
205.325483557352
196.384205190986
275.193650156914
196.424222247706
118.909471922392
159.203219959319
117.375686228288
281.126434269548
235.91893149778
160.993555978818
118.283705611878
239.399832546595
318.414561851632
193.769132795769
192.149586451769
158.570806127382
81.8919503959044
42.2026107019019
193.156434186624
158.416388421157
230.850964789711
234.166458086463
161.658719416877
118.975413616189
153.233665260464
154.849131432439
207.155253802823
193.282509487005
155.918076996989
231.843852925597
313.912679012463
123.744363325159
155.69722229179
121.591218974663
200.218104222823
164.071171630992
192.374910275469
160.206895205353
200.551143405137
190.660187196864
201.141739440047
277.110535334604
152.960372169173
273.354958077073
347.263238816417
282.083943988324
159.630777522407
83.8279836991953
273.244665553958
125.297491199313
232.22638066393
311.88683902889
306.052021816116
283.234711908032
116.557195410513
274.271500214111
121.741081607787
241.975263801879
152.395023241114
198.734993919089
304.790992987183
197.261674612551
201.430451153793
313.946525492534
122.407015729675
229.727335700571
158.874712227901
191.864838573547
230.96846844613
273.271296743159
235.150660900782
79.2410072749631
313.616726152746
157.263111866093
194.738017392337
80.2857120334523
80.1875308590166
237.350717658491
118.219825998644
117.08258388931
234.967586680516
233.899196028818
239.913974842118
199.201249342199
199.211511655182
79.8652253497228
158.744981936477
229.307985501105
232.901445327377
203.383858423082
359.768433524821
193.913948964623
236.352829564732
236.798818854922
237.417375703286
117.736676872309
238.355364992842
193.897213526476
353.301878228906
239.150241985692
233.00236101905
229.391955513454
327.43055131864
229.184229566301
236.013320134942
155.427314499622
114.569516195036
195.402729179927
197.464015270461
239.394380345485
194.460523323636
194.185337207081
315.724884119778
117.675872622305
79.9110040875036
236.397537741501
228.208971621601
199.723350399716
156.266716547549
80.6086436316521
152.194081075918
79.5800005106138
311.454535101369
119.719327996826
116.086030617103
158.522438368576
234.761632485923
196.593345607954
203.948001649501
201.92766415021
280.538528250656
162.640064470174
158.928286792462
159.363608958569
237.561609220876
157.325237623361
314.092266905331
152.233383617198
316.61491829495
240.746325634171
266.199407792629
153.562826972218
201.701218576135
198.620576000033
349.862060148525
313.617551630407
156.771101324398
165.235234896944
82.3447001127534
191.068590047647
195.809885090038
42.161396468614
156.833333237173
200.953561881277
115.417369798781
231.909239328102
275.798263839424
196.421799821949
154.320937953872
264.240628832827
231.057260999093
192.240132910216
116.471011720262
267.471756210116
274.95351671266
77.9117895376808
199.252868161213
118.503062366784
354.429459659176
155.234892439644
157.601213560996
281.863734102926
193.97388563012
162.526850394753
81.2121276178275
162.219126348221
80.7861414498739
201.737515443679
312.023754000353
157.649022558471
156.273671534647
121.551362274534
196.821947590062
237.11287247762
155.651392099773
309.952760763043
232.145192297663
189.679418233527
117.233069289188
118.725964427367
267.397323640371
193.54456257669
195.531094572565
77.7798568346545
200.306581349738
177.411198275863
277.816881270733
158.558065305255
233.218419546453
232.420146078261
121.627346501768
156.531748160501
202.990748164496
239.730666046314
42.8495927048553
84.2090830135092
120.557892131557
40.8251330093099
115.703084388851
270.256754621739
155.249627750284
241.245397941286
202.156741512493
122.180193765717
123.353118794375
119.815392411693
237.255857685553
201.445154683632
235.667310038586
275.260753349506
124.151381962492
240.480097319311
NA
164.022007284632
237.719008095692
320.291381350469
81.5350550187742
233.407281147072
192.806677510507
276.101673288498
266.830595107637
206.500022829455
274.346764228428
192.494218158378
193.244740719615
191.736850049903
154.365985132325
162.775263829803
196.494567643445
311.377242926759
120.637214712793
158.786270494974
116.490847042064
120.272245908431
314.625562231735
200.692044118043
82.1325326000621
154.369710476994
318.252725698121
42.5778153925628
194.404108232803
157.260304426102
308.174448504266
122.196584229129
154.376317660971
161.541582724559
117.654813899399
193.314190085745
354.235328785013
346.132501996025
117.283513660294
80.3892028916443
193.180712376
345.188806762707
41.6909407925309
279.288510913746
41.5145200307321
157.692062637278
390.629458964419
78.95088631177
195.468072817737
157.736446931325
274.523235274899
120.182851701417
NA
161.864816805409
282.598301962209
192.011163993737
117.435583054049
349.744038346426
358.610380995261
196.622961450798
195.257466162755
194.461067527968
232.678638022215
315.317892825866
273.77266025816
197.139655469016
348.192873685472
78.4867152173709
200.730840126444
81.4612521049283
198.503925540479
194.20190113876
272.88437836018
197.405271477153
305.416516502012
205.406158974583
128.295867515451
116.239388206824
157.165358218389
189.977362717353
191.123786702078
173.825866114875
274.219842068646
243.728812763479
274.861521694731
158.24412227552
81.9460325692355
165.451818299773
195.617844009779
164.165760484699
158.266923152411
428.896459370312
155.686803207955
194.195687223153
232.92953008304
236.137311471446
339.638578881532
196.895500800469
158.208044783721
352.514505543517
125.84905701028
197.083117216005
229.094575809085
156.475329782371
358.760359018951
163.863188106108
155.641791378896
118.225539564592
116.941013007423
229.540981352555
151.858984227857
152.297256191461
380.201533050918
197.133686078398
157.957937615162
188.51979683787
235.963188769756
200.780747794804
161.732833308664
175.411810165681
200.077562808342
277.00858687208
274.639161614124
80.1613232717769
158.764187923239
268.304374474906
235.287515192432
123.968214667434
238.130995124894
237.891030527898
117.051325800748
153.364993072644
196.486933406422
201.817219741582
116.987383709455
191.391237464134
193.408495286117
117.878139541474
199.385282087944
82.5337794349522
161.561800621322
199.478990149366
196.592853427167
201.265329872636
234.622061287614
163.396289742895
117.399929235684
206.486488097559
193.35973592176
230.524294309884
199.259490010896
120.09383236143
232.53984467766
117.508215549679
159.277610456209
160.254612898922
364.619901812166
157.672546045375
206.159547094168
119.46528599334
236.790530937614
195.786772894514
337.242093428869
153.652104280651
193.845199924843
275.036710465283
42.6518742197425
117.480643834381
115.734893413396
80.398916172754
241.266894494284
158.82211996683
197.009808399153
390.341565511964
122.289275733298
118.897027270196
273.782448120638
81.8316257091374
194.307506600464
155.406599592105
159.935532116485
201.149361616207
242.25643896573
283.2278210744
82.8306496023123
310.747589304325
265.835829025324
157.047770689842
201.669849037754
193.494575114094
273.844709811864
427.3068461268
299.754649535703
233.403403495822
159.638917608818
191.245980782017
153.387607543243
247.981907676081
188.092582853278
352.732099096017
350.678346006378
195.84770326849
309.804393316711
235.236384603993
269.581058233928
158.69160795408
314.627339590462
156.927020554272
281.409658676479
197.983255637739
118.293756703083
119.653077075646
79.7941084436198
200.615478762336
202.564267944077
281.770537323369
330.271520961168
158.825309399505
276.312507293444
117.056447045491
347.96297723457
157.90324752093
198.660287513818
155.898187900108
115.880479507603
237.316328490213
118.537404783854
193.010977520353
154.222645525385
80.4504628935762
123.543035409524
117.491491127778
161.393742084055
267.790008258327
117.173080907212
305.62021825976
232.60618239378
313.961864260893
269.249143193839
155.339121979147
81.5424214231355
272.636072556415
123.481569689042
392.007392569729
276.626579790973
197.035391909685
329.662622948937
119.40997116416
236.988632943951
156.443144147937
158.121115731876
197.966307597905
234.255690124321
200.19769969487
78.9678363832875
277.672415681211
194.890071641255
242.370710005562
153.582585699739
358.543390887484
236.7290600902
157.491514584884
271.596816286778
232.150832089049
42.0263222952431
117.802269376904
201.061908513254
276.090085538941
273.387676414744
197.426917083976
157.126384464726
194.64817772069
117.305681968472
305.99554490534
119.067438462282
156.965295681256
82.1198097866732
85.0030745797919
116.86989192011
154.687388929026
255.380456180017
239.306734423862
119.457463808481
273.192691617468
163.3084767953
71.8441903072546
236.087431669392
275.278260523203
122.753965572015
225.423520277689
203.682519545098
318.555082447969
308.619093661156
269.309222794278
121.720805640272
238.803461808692
233.329221199746
191.056263151532
273.572967204631
157.040222951581
269.313595780128
273.456295085002
79.9227613240567
120.701411449082
79.580963985828
191.829423427252
392.241562015373
116.719502766672
305.465776956202
196.693914619387
236.361489169467
82.2160364851245
195.218786068091
191.82510713578
118.825324486295
197.546265623712
264.128523799703
80.796016243632
240.073358517485
356.445722016965
78.5584824467828
303.059497368436
197.323225237299
201.918195351467
77.1988348429316
283.491560227756
310.290082494511
198.096347228802
189.570363681703
404.107191722259
164.7340341823
78.2124618531267
246.457644572827
203.995348983765
118.703185157744
276.545035166371
82.8009589519938
160.819213598389
NA
78.7639015876689
122.537969216187
189.418410458182
157.852310869641
116.76585858578
154.603289303055
237.680747527041
201.139967133719
160.131062291953
158.624864565397
232.709038455754
125.302579323682
123.236575072784
125.849917779122
124.51226277248
270.537420304282
245.410503364323
193.830465211678
155.787787894201
283.332972764867
242.505403439556
277.77146923549
193.536063700551
167.307975706261
386.37558570235
231.691158954129
160.990102151876
193.812373668517
155.547934190999
195.369821568492
237.412556121111
155.522587994546
118.675676134299
308.808309348414
158.2962769054
229.462444190279
79.7752270268298
158.39380947753
307.995792925608
353.15365220352
229.364566275746
197.643722827612
195.232714910794
166.773122371864
118.539440601923
315.274550134058
242.467321585823
157.359360261527
197.758573710274
170.470487077909
197.939094707006
193.659006116948
312.665490161435
317.68541195734
127.952008088344
312.891327190268
268.439210382271
161.641312812767
235.295262028994
236.873798018551
195.992738619768
312.311611652472
199.319772162234
158.70581978255
131.904343694718
195.159236144908
285.09948349851
164.187505383892
157.690413292878
234.961992132326
231.574118960404
276.477822596145
122.230505779351
198.847787055159
239.398725033647
114.897323037633
204.912575962285
117.00720043713
119.030364222765
158.983629699432
152.089350102872
164.372368561284
233.14236036817
155.822332130935
114.386801286475
303.421920478979
201.011894754227
241.07506460498
230.639924105173
78.782504589213
241.77357227191
158.324602731695
201.229363907898
240.621593406619
231.789161645784
229.027628690876
161.580151132924
154.9710115932
273.661568418417
160.011181039361
197.39901948082
210.966349834559
237.973287428194
115.033347869967
156.306384256119
238.359439835244
40.0843985907746
163.642332260755
315.062544174729
202.699017716082
196.303935350386
198.354134077024
119.302884891452
88.6570434469003
154.973587750322
