"V1"
236.099448846436
160.080270999457
240.683077535502
80.0954348635388
158.762556540437
120.160026646193
202.442282676688
42.6895312436756
160.655993288145
117.705272571007
204.507556202982
269.72038291625
117.798072778807
115.840483133387
122.809326759917
160.991514572488
225.512455850904
397.420322502251
116.823321335126
276.00878845318
116.458630573004
122.007949126803
195.227821759592
116.221640786873
200.947524055457
196.266141230405
238.321575312917
231.424622871535
273.806456354681
79.5257539903419
280.087273129827
246.931715075215
283.397153759702
157.335444438606
230.375092150289
195.559068534881
196.506968459993
197.40046617997
161.185017999558
233.589242833523
275.316718752927
200.49239210533
186.970187256118
199.979792315683
308.566516534905
266.639479113929
157.803373699118
229.744769260079
283.879807190885
196.27018346287
194.029190162919
118.375060975935
154.514773645787
118.399228095349
232.161917535902
206.842909927066
195.572721085314
154.304323672086
189.764783511431
200.020897759105
232.500449258227
314.509722511722
301.20537883592
235.262460359466
348.947709247094
351.719203752509
242.708239240943
41.6128962493161
153.815758678769
80.7857921418916
351.991236071641
79.5827965774611
275.033168228845
193.908221673899
118.072710064524
250.835248697873
78.7320371802593
199.488300503456
231.831253779951
231.590433755481
195.450855451138
117.276802950169
164.574236844942
309.933802421354
119.572943158423
347.029849256544
263.662421359002
233.890601131265
194.383566191106
240.681878061963
122.038683941798
229.269053486052
123.246944899923
204.575706707248
159.716996940969
309.254331877041
235.456279091019
232.850832389358
198.548234431905
118.099326815601
238.498643887394
272.70304275382
236.783436363083
159.683780737942
114.730400260238
308.745057267325
235.268874311385
81.2785183924691
157.010462261179
117.85678232702
160.424430843523
158.709770697512
307.406867581819
153.343584537086
271.765303587946
157.59754620017
195.736531808628
158.389582116308
41.0708342750094
157.980572881268
236.406505060011
118.371979628961
274.040463265862
193.982311624391
265.863918634527
152.445424129751
156.618185232248
156.389830559869
197.938517002726
198.076580785761
197.565651703667
121.596760669847
231.36117573554
160.387115539737
201.7717887357
233.677365013699
275.70151679415
199.678474130938
203.419965076069
158.711908418972
121.121913189042
160.40154937573
311.790345386966
117.213042501165
190.275538871156
79.0483165101184
41.4972432542185
40.1969296777916
155.663296773547
279.196972045302
NA
156.972385652172
77.8834763800538
196.847143358271
118.567221682823
305.703086282408
82.3378149049267
199.108133673207
114.105677954457
361.749957494095
198.377669362654
270.614453094915
394.903532393613
119.40643029024
78.9632746116609
122.939223097739
236.655186850281
161.240431032242
239.285082410877
277.420480005186
311.553976021371
119.354182885987
116.557940822644
230.833408059209
87.5915754802359
161.552225168382
200.563805716884
163.198640372496
205.980582850449
118.020850862945
41.4873764762359
275.390682380521
310.187052746331
232.096286647237
275.674196078055
81.2939430007903
196.316048391647
202.875746449915
156.26873527312
199.191971856535
206.399279566649
196.639742495209
120.167073758902
121.456568765058
279.234483916242
191.044586518038
232.656489817776
161.178714678276
201.732151288485
228.925286719235
198.465082755041
279.358389571395
154.156799598101
118.488512416904
239.2668418911
79.1149679381164
79.7109853360085
122.416524787358
277.686455568559
159.429225907248
273.708551294615
196.555588003008
204.159546305627
122.675094895713
198.041634266016
80.8436264159814
157.922357289123
121.874756658149
115.370310095685
120.228424817765
310.651496664303
160.847440493416
167.320172968078
120.737616699682
239.097316333901
159.856346885634
43.8519777247309
42.1528346055659
80.9032374216501
233.084422880195
273.903777199455
88.4227261888943
158.511224464689
279.136861891059
158.004285597534
194.850183448608
194.163105842805
288.154090201701
234.637498285757
152.388021451065
199.502623155259
117.415107591952
234.29412979406
158.750470298079
191.672126943423
156.521455266679
234.96518285591
266.845842498643
195.22652864012
235.87160684431
160.5060671111
161.682647150705
279.806481671765
118.681624137651
193.571893794646
242.053862235716
154.552329029184
86.9946761071539
267.797863416427
116.77205891496
338.547900772019
200.281129605728
274.458601881475
351.241093194622
190.157503442165
269.86636169514
273.528750289155
272.89055524724
157.206512685352
191.45923567887
119.076986426948
270.806051852273
238.332383257154
117.076111235311
389.840289846245
187.20745783452
117.834055404841
199.693952242325
41.1794397434268
233.706756165154
116.567520969294
81.0814629135518
120.331514032088
395.897079291525
122.301610627685
116.238656214435
345.599096204321
190.25268962033
320.644130058595
119.111969376298
81.9289394758623
118.78624274624
234.537838099953
155.067028503995
200.415048009436
278.770309251121
155.866262033355
41.1768796591216
155.881333096706
237.547901644745
190.919720543292
117.686041818641
354.033926981312
152.250731141535
80.3467038131103
237.794861257173
289.199933010153
310.507673039606
42.1481907564221
352.301871592821
157.568634188821
193.261229499738
156.411680809425
319.425651969511
269.58359012739
232.187666956215
198.392173928042
118.165138900765
157.000677414401
241.439789948036
228.150483219497
157.518489797352
80.5050261009041
236.15925947604
126.844308981766
277.797383987729
204.13453160318
161.168119927598
155.517594155991
268.423099742757
198.062920871933
152.454825744164
199.500850008675
153.99758870163
79.5651878933653
157.628618598405
NA
194.557249348223
78.7024561575912
238.046286479066
118.959653050853
78.0893586524119
200.941592469093
158.25954307478
272.625524276189
160.158686951237
120.998452200646
117.960462418073
116.879359409977
79.8096679238775
235.646138569499
194.444263332231
282.980182468626
317.250709563172
198.309193124917
232.861494223514
284.903768247509
201.02840081677
195.384335278514
121.945442773002
233.603865736161
196.587200730948
270.962859193368
80.8600404334636
228.999520621807
157.994091646198
273.00196873937
233.146861258042
237.096884585678
236.590824130009
319.139977584331
233.042628116944
275.638032645651
199.15449495634
115.68268547633
242.085919678499
312.904092088465
121.081249778551
118.80608698169
42.9915433739614
193.55579814157
159.091961640542
162.637618186879
158.618398486107
190.157912994687
195.237144440332
157.3475219979
306.320530247029
206.782716600349
232.244004930522
193.877937646234
120.936276701304
249.122193753424
199.64692215687
79.8760544328462
236.692966221893
196.686655548248
230.661687202832
317.665457134144
387.678540519051
80.519593541952
116.772123353619
277.218286203853
80.0291700749492
243.277212537728
76.7666623602055
191.912552613913
276.239670327845
271.335154376589
123.517226359468
194.963895359108
278.989676640226
156.242061863422
116.769952159108
164.53000873078
315.891985835302
127.133033384315
359.850516823798
232.113207531661
117.480734553213
232.642748709396
156.465821431213
118.168254225436
237.682449777317
269.606889083738
118.304728907787
156.7584792756
384.086421904014
42.8412132102452
190.81422555747
393.610899982911
159.091997676808
312.750908260363
156.074251406004
234.55505302328
155.564591467552
159.386537838814
191.843240655625
78.8394102598219
203.163522773708
229.180216890939
161.020121960767
196.059413624504
NA
233.045642453297
126.721912097383
314.084952168357
115.062822672284
271.210251322558
196.224405455867
192.063309322928
162.573693246222
158.87306540039
234.876163166539
156.902632693001
117.14292590017
159.783061646354
115.532146864228
115.604443427868
82.925453178516
273.562219696231
84.6380363481113
41.2995993813178
115.916914443639
79.1382748932965
195.07828692935
119.995570435002
231.552954150381
194.759457346544
196.508734115565
42.493426274226
194.151617805408
192.410569416137
164.600030090462
42.4236770265348
155.630913939284
197.686384552636
119.317739381856
152.525764924788
154.712334003949
153.78267144985
196.492471226267
198.23019219738
159.031718285793
196.92445597753
159.572885969533
161.074360004809
158.299787167234
311.561990222778
161.582893866641
200.912897767356
306.31304802486
120.859275772548
117.359812411227
233.92785009074
119.940850359394
157.102675164258
200.10996668077
254.100754397439
79.3615788344372
195.672592435575
193.680649303721
191.480317472015
152.960718460777
160.69582329172
154.706575531579
76.9355099652508
83.7920593668957
154.369564538654
161.625775257319
241.598717624294
192.916152847727
119.176084071965
191.798514451637
119.182458030763
118.031979874018
274.019244931455
118.106613612932
307.688269448917
195.519157724296
314.697259317863
200.718345035408
120.215516920128
196.000744477618
312.904636024185
322.451503240054
196.507140311305
202.826422025393
153.787562014805
192.761538780986
78.8348487025066
193.316912850664
122.734470426687
196.220490250482
155.460352004131
268.877767184135
155.180891195976
157.889044606122
231.991358575803
196.529983451174
158.322137312059
166.138707747716
158.540807533345
118.148066876346
NA
240.415671455217
193.237392833328
118.690614473071
268.164952819657
193.312643042429
347.847834308298
117.868161012512
121.332719873188
155.062869333425
158.519612162545
160.159106176459
160.181267614315
158.895860933142
313.085115751597
42.592129481651
270.224207882699
157.379635555695
116.096193265745
236.704147521054
314.356340996787
154.371494110565
275.913503251929
79.0192141525492
119.638408023075
196.868157995898
197.97092622701
236.717198372711
80.8782520701484
272.139343262663
162.140196095104
117.089593959513
193.536576127508
192.055955865156
201.615904826543
203.223703148131
270.39748158916
199.52738203336
233.26844386158
160.76123723314
153.818235127131
159.283703387869
190.103619200477
194.799807853401
277.498440676079
120.905909062917
229.804815174695
349.45486397491
235.259268089226
208.748524244688
118.088358228408
213.906630025896
205.66602413431
116.587541781756
162.642519433693
238.74540422141
154.336002744564
276.876154509384
236.089578004157
201.597476929875
157.069559014512
195.83522713128
118.834756853044
116.308596149095
386.215248562474
232.03917448899
231.489869365526
153.955915440305
199.598091917734
115.31030049249
193.917784421003
273.000639673675
120.08499130151
161.685426149194
41.008758368089
192.697972862501
391.774343999299
284.911715118994
192.49028797006
160.52757813796
78.5152637400899
232.340544840101
196.478355273497
79.1735815386971
196.110777826443
158.185734320471
158.346591436957
196.123342432711
41.857134777691
232.61202235885
123.125544663118
235.146923365242
350.717465179005
239.44215477175
280.699193721831
156.054291216701
230.346423210668
154.079531478606
155.700578494184
196.855550072954
239.31296770763
119.101499082107
152.234399589342
270.560101112908
346.074971092283
41.3293081480854
199.355822106316
118.556817003701
127.471369303426
246.395176255829
124.024626908085
119.93175784488
266.502567338711
83.7651533072752
228.944582335333
154.790733445854
152.634947726545
125.801301799295
230.568335476977
159.876409739339
310.240966903932
193.3712700588
79.0282405185847
155.894909563503
315.620674474371
280.190324740688
266.935663229046
233.997674974486
236.899773887382
197.462519523316
119.45813886814
194.362434755803
203.262889289364
199.363929704291
236.530780531279
81.3298247636793
234.103280243611
154.0838064395
198.590070809501
191.386002887919
231.748159507427
245.336781226941
197.975864632187
279.927096012721
202.348730355551
271.348099891293
196.773208916658
115.000600866336
345.961087793062
197.825462035266
189.414804240413
242.896965288096
171.277679497734
341.904479717772
243.426244827065
199.857658614349
240.357345724296
195.32957671683
192.281103894327
234.844461492379
155.265818701796
269.569061049291
198.432150209798
195.179778986907
118.790583175952
156.658302999512
313.133561761029
197.102301518605
277.340595830255
321.083792088196
275.550170101229
121.142532420667
163.782269326578
231.550070742549
156.788772053658
117.001837794452
117.875819367144
152.895509490485
320.946882259726
40.0668421529057
191.139715824271
152.874112423356
196.948088253489
203.179299216435
161.650072434647
201.211319172003
275.859635314397
80.5714214440841
118.65256513749
156.100844474964
384.561014733671
196.607731119463
199.67139753814
159.439211746831
123.806026875748
156.753698535792
269.481283564706
154.17381324051
200.197663693449
158.113367348846
229.502801559603
194.76216583865
124.716024514669
162.389753925259
228.774461744113
265.264614000016
195.129767448825
158.900026838535
233.434660803747
119.269053389977
239.06990404004
158.23408117377
280.428255451458
159.239229451176
192.746235943442
155.318426899436
119.979770206356
119.226991296132
322.305030507354
314.322910435642
195.543856924421
152.236126166563
114.367179809589
232.363734940817
193.735114664994
160.404910843735
158.247908860747
209.546185660744
119.025960782212
158.887125189451
155.317092931594
245.129500801115
124.46196033468
79.8833780454324
350.497841566019
277.649694956679
231.618356985866
192.628544367897
158.368872048487
119.215551488059
194.155041308447
118.430645527515
239.924924994533
201.865102512018
243.047376968935
232.610982790442
241.114601182127
124.605443405661
78.5862579818969
158.29095840789
238.160237809083
229.266275496014
153.245183031773
166.678672723816
83.2655139586068
195.348047388679
157.998580204802
315.072824513115
349.927981390094
230.072383196248
306.444979756586
117.122662309648
156.048767854416
75.7102348598672
232.164031701955
235.70552046727
79.9388415406396
118.193059677249
197.301335656479
272.330040812911
80.3802320432365
118.173840958862
390.691952254083
273.704664955494
82.2359622775565
157.061191411612
195.941399914131
41.9250978687024
197.036958469113
78.8337009296931
245.283688658405
166.557213781935
238.158760737723
118.393319319336
195.294232407242
116.492682762987
123.171094798487
200.87406420338
236.57244772433
117.282487960693
158.805190878006
41.2281014348868
80.761783963917
239.596956427386
195.195919088476
329.711275494596
162.70297465442
198.062390340421
230.243589446077
156.523525204864
199.398404862401
81.176569166993
200.95637246003
120.16388052763
189.970839615652
120.658075930513
122.44190599872
193.391047432747
199.168420865045
205.696730036455
237.381812101934
157.368477151461
195.84042240619
197.030128844495
285.037113974449
116.286616968165
155.476722464759
193.750237656125
114.813298448603
120.234743401186
79.4883638518115
168.107986368732
159.705340970975
195.640703408948
79.6737561063763
312.679277253996
229.594647273326
120.621268475513
238.163688521988
80.6650128111675
232.446483468223
193.774672656903
194.303712892953
199.922651068463
114.093642736346
228.355614022911
155.881830076418
193.549214775591
276.138439864482
199.008205929803
233.989610975836
195.651750330567
275.079386549679
156.291699457152
82.5288473683487
314.726276426098
274.165435418937
159.020024067152
155.206660952266
194.558555374735
79.3915870782203
193.895393161009
275.055825968505
78.0971509691431
158.479399267018
285.175379925176
192.318943781843
241.850954224801
202.11813786151
42.6120481631941
79.4595838788039
195.911823161919
265.799268034934
158.032407260651
154.002725684281
237.284031426851
158.47856078264
232.89793859289
162.207828554795
162.759004979387
195.12478131544
193.214515661346
241.47030982002
161.738837387063
239.074076808454
202.393707978369
195.076139844701
240.512778641827
159.399748034705
238.976850355225
116.085977843331
232.082748484593
231.104013662673
199.069965092775
234.172202164876
378.29627837888
196.900974119948
276.465591269595
196.721433408452
231.852672981257
205.065861200545
274.909142703207
196.215598013173
118.701109408671
203.402061921333
41.8127109498151
276.350289090636
158.366696237998
79.6713048186045
385.506674270244
195.453255085475
313.703378861111
154.331809856585
193.305700581217
310.951147071383
233.166776758081
198.406365448013
116.807417496953
153.982631454653
162.15781350958
192.977515428635
236.081027984601
119.578279763613
81.6879882485898
155.889873710825
314.907699559672
159.481335552532
153.480052471015
117.787089025964
201.981312819033
432.311341108386
156.43126205573
229.886286153863
231.634367780952
161.30419189425
193.587001703252
43.1580227225828
311.717084547151
209.64712304547
268.862094270037
200.387338726227
78.994345159645
79.0359719394308
311.999865868163
318.813088607061
116.538779954108
156.959585965886
194.337506390289
193.848325373229
236.252088844775
194.031182613563
116.510116847901
197.076221442125
80.773983691723
123.362724066276
119.777545860328
162.479480289246
198.079641576548
169.313894164407
228.725434051196
116.810970413908
198.702405120662
199.084795101984
118.906918909328
81.3318663003716
238.762256394216
117.607098581707
200.714020969121
231.611115499577
43.3791329909839
270.347793916579
119.004075934747
203.952200510479
119.387096301442
117.439669396969
203.259681771769
117.288711725028
160.655742997072
120.299304618801
121.069946728025
156.301466881535
153.712552512608
157.717212926227
158.911417605945
202.342976107759
119.313781737599
155.545297143467
120.513012179375
233.075792666544
166.26470358327
271.684719943658
242.189017558461
116.454917725978
84.9824061961183
157.509730899095
119.771222438053
79.0655348338583
157.807058628081
238.938313848441
119.799536887482
272.652507468019
156.195987821603
79.444786505835
77.6665561743008
80.4995042300162
311.89742572011
79.9378600288209
209.375604619618
195.193546020335
157.271667651817
271.887519952731
194.904336220738
197.458590310811
NA
231.523488370961
76.4272654518149
240.521638302273
205.681943063731
272.207189775063
238.803720562888
42.8708029230548
76.7358049629042
358.434900263234
235.430048537958
204.379340000618
239.447544965597
228.935532123041
197.036402424269
313.299365828674
83.0832525374792
118.07085982427
41.6019187230151
278.728080486823
120.979964733104
199.118374675004
159.924656636273
189.796277831794
318.177835127696
242.610928235554
277.484319004442
78.8659417762302
78.5774582919238
190.881173992642
230.25921882314
236.310987974038
197.110879228158
154.300468993133
41.0486166497861
153.694048964032
158.149858120543
283.030161035339
160.328761993465
233.761880529049
193.437106157084
283.272485660921
190.300142362092
82.3286422360444
235.792195774973
200.120757709091
270.947163235673
153.057900370259
236.103941663132
196.725782250532
234.275211740779
80.611043502303
190.027965368307
195.250653134189
275.731353458272
119.107009589019
119.251175592913
159.369798288134
237.085307326515
155.267032217739
80.9783561109666
119.739283107289
305.335200541324
264.863557313385
195.472417248621
202.654145564109
161.247575141005
269.646759278682
196.822655758022
78.6094047288526
77.600800546739
154.081153931814
123.482774760323
83.9082388364163
163.68457867916
79.4195364398002
154.04498196188
270.96077750017
122.483528368707
160.862008564631
201.733771696443
82.0099614670754
118.03733441066
121.907084863646
160.197878902946
355.953467330128
235.688434743087
84.1489055543025
234.196011904106
156.61061045569
332.99692019671
124.708613542796
161.705426117301
236.670491675774
237.551748546268
194.59897006899
121.166229097648
42.8351443298548
239.857500963832
234.003788561434
195.724330252356
350.34719669628
235.156037350454
194.219041453923
83.6340135481997
192.232480229286
192.940406208283
197.031285006474
79.9826836052229
156.517679209282
192.151334783416
80.0507687970987
193.405469344539
120.127979679982
120.540430081443
120.943876684716
119.528354407004
385.551388577298
80.1812188534733
83.23479511905
198.069306775755
116.077129725072
198.530120190045
120.106468100235
166.649925652603
189.986794546822
307.477702169962
235.336149713651
234.549893186704
346.465706608249
121.623083452917
118.79072900529
239.93993334506
158.469069432098
303.588744275601
118.615901075985
276.323971141495
230.858890340287
161.713454449474
157.599432082365
160.513197379518
195.09243573676
283.379634047209
164.742518451258
125.618625202766
194.892624723556
195.395815504276
153.236832822229
353.292184731214
163.384536394433
117.6371373946
230.841440781778
121.253307564733
198.41058787188
234.474908748138
80.1517140868959
163.718053908409
79.1916685874304
194.413061254559
191.368865441891
202.099576318056
196.362946631066
NA
195.834247141376
162.459235650432
269.176218669401
355.574553429783
195.138600931489
232.737077765818
191.659979697707
269.361181320414
157.323778673271
195.459679932367
122.782582803171
157.453996807019
121.286883553099
195.502977413353
272.053024654589
194.928228274175
120.606620634271
244.65447532923
81.1551242962304
237.461490694144
163.796865924218
163.003148707366
274.54720376309
156.025295642787
39.7256669441676
80.6620810366028
233.402985952827
116.124316873535
117.133618787025
155.170896753942
156.97915678776
119.953304156292
120.710548710112
160.354876856212
278.584388504596
78.7416757217068
152.643644051062
156.873986893198
82.9734172436626
234.397929387332
231.181785664818
125.374680597563
277.511492492899
153.10342712204
233.37862797053
83.84764699951
159.967961081608
119.415518480162
200.530043944041
164.115611296926
209.24124779622
281.180866391636
118.207928036918
236.509791964387
232.493051307285
274.191504284636
155.453176727227
77.9202589931958
149.866583007851
120.124162180561
271.834273700023
116.178483676726
237.631459210486
153.786716946209
197.504480286721
271.789101108512
197.102062004008
348.249128988636
156.220038589559
195.372926821575
198.939663701829
164.566867994407
157.593821660702
229.479685891215
154.964502838182
355.100401401149
196.83259307578
240.657127040244
351.550462316299
266.774968757674
280.557935326429
306.773124025135
232.868457017802
243.518350409068
275.351189447051
196.072525851747
190.879719903051
80.791005617589
153.295299773864
229.693370943156
272.000109211486
157.669424875726
272.565181697388
275.283390825982
157.91748411654
235.310517469059
155.309411756271
343.989758435854
269.435918471492
40.5443428860377
277.267690005262
118.034203025752
79.8212102107417
198.321586085109
382.232262470538
81.6860149395693
124.132384910603
80.1556631444747
195.236611297275
233.616734720575
230.816943508298
40.9830442844799
117.618541234362
207.470644117208
318.596757480574
200.649624357339
156.143426943169
194.670605883131
157.154524872207
116.065836142661
153.166807451124
117.158505576913
314.912298061831
239.273166030643
209.557974866204
199.823624998649
40.4524352057945
41.8367794610806
165.637528514311
232.410495140512
238.783537984592
82.1722173126972
80.384582004833
118.728493377345
241.378710507549
208.040176093049
390.503546999689
192.771579983066
160.987592126501
384.191466824652
277.90057622116
194.886644488296
119.213967986122
269.792676468842
231.246657734117
NA
117.875654679797
153.301855788262
206.166312006087
236.788164363357
117.622579304109
196.092140549432
121.775799359333
233.676064969347
393.917223535924
115.429235002796
209.009376055659
234.202668365828
157.629037089211
78.895066150488
193.481834945482
233.305213642885
232.941255630852
193.436973624518
190.787761417307
194.498214502681
78.888651292761
267.623785392436
124.37556284342
157.909464470491
160.154032104946
196.443671934981
201.885086889989
122.671626007777
277.640568904519
81.271321938806
152.06837356832
41.2102781322501
232.126013962568
315.892696875229
79.4937321190343
160.14728936758
80.9475465141211
158.667024642617
154.856127959447
272.391559628573
196.718405468833
194.344789312009
159.11569472041
232.401258417949
41.3872408738159
117.069075346287
229.55735495242
159.379393985202
161.223029977661
158.807344889593
161.374188260662
117.874686261669
235.608710963767
40.7585037054915
157.042172256395
40.9264084523504
273.997114588987
192.569956013605
159.361949249945
241.899633777382
232.085607049444
190.531616145508
154.082312945823
196.072613966683
279.863797819163
193.545038912897
240.455056813534
235.366415389156
236.470968015812
232.123007748202
155.512173802012
156.775925683976
78.3708771384735
270.268371377331
119.361624841842
155.856212732118
85.1322042721947
123.608676391983
269.967461071696
196.741147508855
272.180152219564
234.163944073235
116.986151684529
197.984944479035
271.734774083786
227.825637871504
157.037509425031
157.192176583951
203.700134378056
117.616833862097
119.141745290361
279.752288539804
195.209695774527
116.205635095867
238.895688824239
161.660932120312
158.781985713008
275.128957949868
194.557314309173
40.0902717392062
192.701107971217
116.68306225405
265.561279837249
117.058094982547
119.237929241418
234.698795585735
117.118595439422
156.463786311196
192.759691332824
159.081104827573
270.922950547122
191.63750472158
41.9620491684686
242.915765655459
191.616443942695
351.357470808614
236.907790036225
316.798902631496
154.97077333392
281.378691320429
198.249057901305
132.471885561138
306.231380341758
117.658792972298
120.429034613884
119.771827264077
230.27106366897
196.313863466252
117.729312891744
437.10263470877
236.395018042128
163.879107219913
117.216537620668
276.036661506077
121.294841825306
118.401993474348
153.721447195484
157.64391365176
163.284425367185
157.661991416344
79.312680420122
161.591051779071
235.630390808865
194.896326931667
120.425677559042
83.6847834007531
201.377573673402
116.101578661627
352.977033728794
236.06988313952
114.555571480761
154.306904343437
80.6659844021166
42.3362688374486
117.912340667693
192.331259939347
77.9967214184618
195.567402197748
349.183801060524
154.433506821075
156.495532544045
42.3540751636236
118.590304624219
158.840095462458
157.437082395005
229.79608349429
115.682204673643
42.0139371463292
113.759501788468
79.6772703554837
160.29573788528
154.786500449005
275.529739693349
312.441341523551
243.661488060437
120.233741434411
274.369484149636
319.775096274022
158.406326843043
155.40435049868
124.178425831769
239.10751090948
192.76500460817
81.532346200894
310.46711769345
173.407462566571
301.408719860268
237.857375814631
162.825206147489
192.633630252656
274.641147199252
116.841706416244
200.598114637829
158.285106556627
114.277759778018
234.077112517863
195.117604813655
234.50541411792
193.7250200453
196.305190874919
240.144615007586
80.6503924795226
114.614270443097
234.106704385773
202.529807953511
235.089633355826
239.40690078175
278.093089912425
270.99280014787
190.944476219708
154.877762535997
154.22023694855
312.307458140291
195.033066969889
155.055620842331
231.526109097259
119.347236042628
271.638498734133
42.9612324611029
200.873489857852
158.221293846011
194.151370426172
202.674919852511
310.225144164394
306.265398671134
151.85668066056
119.949770482823
274.097489548956
191.948424228485
205.448471676012
115.063160835743
81.5592912896027
242.523366637185
196.557398875998
193.843858438412
161.232503937157
192.613181192805
155.892052024257
155.16402505696
202.172775383134
78.6448938649918
194.148658805742
164.567241104203
239.77937663789
193.306063115408
41.7635762734687
237.853233723538
274.693188247074
NA
115.972881630113
190.227852753992
157.858912837378
80.6954995523683
159.478973608349
116.910262814284
159.752772874263
276.270565124223
81.5796404928221
116.477239035802
82.0040551890049
163.113887495891
269.001604822201
154.34821328445
122.085539538275
152.349793715224
228.57797666256
119.641688109712
195.481841613297
230.758931218582
157.747829198317
197.122876451924
157.310308087246
164.661952604008
120.719724206333
153.566721611437
156.70505036928
199.139361581139
372.393957560954
191.82930350739
158.490920349266
155.059843074702
160.787805622675
236.169712559943
191.473803229669
43.2990805360496
121.176168024661
247.952747130864
194.024827005856
155.305481514531
192.172525375935
157.430854553689
196.092032152905
116.275583052439
546.434650553246
349.716302979487
198.319915438083
41.4582296969624
41.6167418411828
78.510142716549
278.972867074181
130.501652874044
80.7899703312448
81.9210257747883
198.2874861879
193.271519061079
153.404544641659
278.563104724073
80.4991322893365
122.454857452504
348.523539734759
118.016567579221
157.49673925648
239.092525237286
200.780491788915
157.888364850181
309.348197636208
278.34545322238
236.641571188675
116.866687644688
165.495214968701
115.611836277112
198.635522818718
119.299076627311
154.959900457975
160.435141077495
161.965375505274
236.864407341436
310.224245803672
382.158006098739
275.274288579805
78.6048416697037
117.663951427762
230.557954868998
115.011367773654
278.038377038747
233.704821247823
189.453197672182
237.574440378192
250.487682727363
158.63307576823
320.807807065589
272.291042389398
40.9638549691829
119.041145526186
195.351159994883
79.9582398689746
196.981604520243
235.9302877587
41.4076158234736
195.798357616277
160.561616449722
157.15566560089
275.969105571793
308.585895774283
119.889054882588
353.974127187824
234.856699027882
155.948809443945
273.09771869386
120.734626879053
274.340648786094
198.220883080302
232.731634137265
154.403678296123
158.752327332225
282.836769609369
232.964067676042
349.068006989665
162.385824292594
158.210809652398
117.558244357047
157.824293164729
232.222920849087
154.923188490395
238.566966909062
236.408513977722
234.51241269389
232.939486495872
268.527149715037
236.651111037537
196.364541321251
158.033314097617
157.111061098763
157.440030806586
159.50157114966
197.92529196764
41.2174026786193
195.037613777991
76.423068735353
232.957287487296
121.862910057697
281.047723312052
347.397961033867
42.521644683953
79.2264567096606
117.961567747562
159.363077137619
270.863487952532
158.892727899512
194.951282240106
83.7103626895714
116.096830618465
79.3109139383785
157.084597244728
42.6658493102349
307.203862770854
228.250135632284
194.049892098491
197.398220192419
159.080857092051
236.007007316467
200.775558118334
122.763455831936
194.859094589826
240.996752126753
278.005571014076
189.372929468039
191.453778579585
162.757119574751
80.5221108496308
119.049257672659
78.6832172609874
274.667126219718
226.705517731712
203.066441791244
275.85582089804
82.5021682498804
117.952278774978
156.961177055294
234.668069470985
85.2638596709715
159.012267760076
76.6623735022189
235.648600477073
230.264321086011
115.327492322551
101.885502255041
152.08546557418
196.546905750066
273.2702675935
42.0219802872359
383.21570178647
154.783414028217
197.32388881589
197.825316136465
309.25483620716
159.010293180775
116.091294239714
284.272208416373
159.653602290967
278.051114706769
197.861233492215
122.974623958921
190.529536364589
156.062224047758
78.9725599860319
154.522652866096
122.833473134328
240.266835998214
194.368999382503
154.844982537704
234.596662259795
42.0181562149861
277.20895151095
79.3359183922273
155.81980267038
197.999276889654
194.4393101917
387.638084709847
191.947085632762
272.773831233167
126.298306089601
195.788782053867
273.738267381532
161.629874509972
122.283694829712
153.897651197807
401.056647829773
192.073419461125
202.779800010305
274.368229963462
159.733766211834
156.794509022371
155.132355585055
238.99897815509
117.380587041655
199.473183328149
197.066384714773
233.592069449089
79.9719178558332
154.468238913213
NA
274.294301641023
199.766651753148
154.691989332993
83.9901299858458
230.958129029926
197.836896609674
274.39429383691
154.20519958157
167.400114538043
276.345280123319
157.112810688606
239.147806337812
200.139934117595
79.6951906591133
157.830475874355
120.190353484221
198.223937493019
195.947562681362
119.444164314928
115.036602093433
191.538377019428
242.026417287413
202.979634180286
156.628175305368
190.375739322647
234.359790146395
230.923620548126
276.374425263787
119.39498418959
276.972453131347
156.625735577891
193.342945237567
199.093364761145
196.092513994789
195.537099575776
269.193391209417
157.875364645268
80.5010516789181
156.58586229797
343.05592765527
77.4327369991297
236.226762552568
159.63605414395
234.743901357436
346.495563586297
334.107993248877
152.28740856275
343.664139967454
154.246114681971
162.578133026309
236.073809376972
82.4254313853655
236.373231836525
190.511384386788
195.494679857096
155.650744901985
195.797588039999
250.172265456666
114.910750562065
307.750575677566
194.195055092681
228.624282485668
161.99906665374
280.059323981498
159.651734937406
192.982041853724
199.661594017548
161.970137802754
194.360256384375
156.248261632463
81.8395228824092
78.4043628830257
270.385402963086
78.3001394123163
43.4357799391695
198.331920711007
157.280445111589
238.533502625956
79.0218572391104
160.606912628292
195.101485551017
197.543980650994
195.240473538501
227.984590404553
202.531470729744
196.790428662762
191.607365848992
41.8086683538403
131.741260904912
269.054571782167
234.763362258966
200.349339503138
237.793748068358
157.330072532557
166.134591725734
120.763270136405
81.7008631986106
159.388875610288
118.186016715887
115.635048827962
153.681160914162
157.622066865827
118.745442792479
199.311092079017
194.080084823725
154.524784104341
114.547365645594
239.956060053824
192.792802933709
231.751465127763
155.473778753755
159.725175033712
79.0718139365536
232.46450732001
78.0250425775623
203.641592840059
397.216154697056
80.1799336554134
261.969691695604
163.513767994933
318.143390520558
121.341322836707
118.187878726899
235.80231745946
159.916644370652
194.512090880332
123.425709517484
191.598842643002
197.378518530405
240.67518678904
118.719079453634
42.6847286465951
193.955589716624
160.645400618186
162.632682407233
78.4224191804292
236.744641853734
154.784621552091
NA
348.440546776567
157.441126155137
80.4017030126599
198.900596773316
227.430105545484
193.906235201782
163.978868790641
78.1157809682315
207.04824747214
238.943790034299
316.365814633814
198.875105296092
155.642128870437
