"V1"
512.998364709196
515.584336338929
482.147416693579
529.178273748148
501.172578724246
528.86089076915
494.267655495835
539.612812816923
541.97914893887
553.988695807368
486.45475492055
541.216977503915
536.13929376907
566.491339544503
513.697608502148
578.614349239488
550.341776276473
618.033848435837
532.06407689371
623.359959367312
554.83134479396
561.671533408546
551.981099086704
549.027412877472
504.898121094045
541.200169135708
558.157754762079
522.333540007607
573.523384281837
557.620937401203
492.294968307846
508.610902562377
534.573737579686
550.301655050925
528.139655959535
567.495291572573
563.663875100468
581.009774396146
538.067897381332
587.497944957688
539.450609112335
506.818402155399
481.43038697399
489.186468852445
580.059595841559
522.293347804248
473.138051147583
575.563108206511
591.56928372137
561.832398309674
574.985320454394
549.147274115762
526.713323417395
531.304872524001
552.920326442899
528.964611848889
567.99492254223
588.349642695075
531.585394637186
504.714996772608
520.670344082172
525.827314899619
567.563635904119
524.144484556636
570.340313936632
641.789744129918
561.347283176499
568.198637911861
596.660395637052
530.748150704357
496.402197544782
473.01436711665
524.498022932372
569.453251185555
512.452364840035
540.67195780621
508.269376518884
603.216845004065
494.108132699296
519.370025713538
530.522184290372
485.071866606995
502.833970696079
520.213726032334
547.088724609183
562.225387986228
532.801270302508
561.142494938972
622.560012461371
520.267914802488
506.910553675402
482.467441574893
517.319494457454
577.992661018458
549.960144850213
486.048152197027
556.007608517244
522.129802209829
641.150099143109
539.285331614171
555.015855353586
554.696335913797
528.941772864269
545.290691419896
559.345768088255
515.038686135492
531.496004659545
621.415310543084
553.858967993744
494.753976631899
599.918707150345
601.798249284431
524.181443779479
569.621125594959
536.390771461501
496.95754266399
542.62297035857
419.478350863251
528.08959395457
492.072918163397
532.066508288025
523.978609015178
548.989874101942
576.652577384463
467.763987736111
465.386017814818
491.263856971793
566.699466384026
446.385976813031
555.527747747244
564.644950890776
576.353750773167
525.228617327788
529.899172127618
579.31003854902
547.911053781043
536.187420585705
545.501496748111
498.803256802757
578.307274084194
504.618024138276
469.817838026621
546.073714677399
470.289280960329
618.721344467089
568.522812473103
562.499615725859
467.062096156986
553.057067327699
535.40804510858
497.263440563243
585.837735399021
486.420950723559
566.568188210704
463.591331283471
620.868650647198
513.841663593118
581.91122657136
501.74076763737
508.349696918738
506.758417107586
532.654912191984
492.801637529968
511.88159730596
465.175636482688
511.962139380896
518.792379606651
613.508065938688
531.544818538635
527.724176532651
459.261821623693
481.730357499232
519.965739040705
579.84850906635
549.971619664349
518.764232065583
511.264690946617
452.986425694382
584.299404450811
490.190232304703
508.186832755808
528.169444880489
545.584259497053
490.736866314285
534.664331194127
492.373769800319
518.956360010303
558.90872805461
525.115720835811
496.703659392531
539.56748912869
551.994602584422
528.949917668445
517.556104884419
564.412838452485
575.310055244045
575.83582852611
549.690653549784
522.659088095619
531.987653997161
514.341971041906
539.713332013641
484.734823522344
605.59164775444
535.643790711467
520.495805682907
519.586981167492
535.183728222424
559.197241179885
535.412614028403
497.002671071068
494.456973675942
539.124587120102
536.970511990828
513.20791299276
601.773670849769
510.568956130546
515.954083278672
497.955526186065
586.162833054529
651.242726281807
602.10291075665
529.815798240677
525.924185823364
574.987706515852
490.151067895061
523.81383618899
497.678828473202
567.362357559164
524.06095856148
614.388635168106
531.137110585957
522.793281188283
583.883628172085
505.221191951574
526.015583865358
504.376570976708
531.623646419164
562.249198005591
568.824349397712
618.292071860843
557.154523966298
527.072108516135
546.112060764013
485.932765924506
523.935863276086
524.760794207432
547.788579849314
509.903257713885
542.876729215443
491.089437950237
505.897611551756
498.716781043293
570.109398733973
592.415279247122
533.58351604839
502.77013751041
528.448155033219
541.979801477608
557.901954511565
592.589682307147
513.612974443314
555.498781398448
489.726011369755
592.533552158599
563.517276970636
541.252119250338
551.992908357772
607.881781158348
555.148631068515
524.953148612122
529.311147909224
538.926870225034
506.393940653056
528.564771155571
504.066663824063
542.095984141535
521.821402530831
532.610971933237
485.490133597239
538.114777930337
519.650694747961
594.990833248581
589.592362230454
583.312382508426
441.076932270567
480.04760991899
467.218992354941
585.743962739911
590.356224885039
568.561354580042
520.0979710362
575.830556109305
524.148118331843
505.616432940449
498.951092690483
507.105542721167
584.085698730653
532.859521362988
565.940754069336
571.000395415437
578.238991634462
579.633792719121
398.260186971551
497.826287251189
518.042584624063
498.267950608263
515.01846600967
473.410337875959
512.11839736479
478.97319028839
558.633797153927
589.582768907489
614.824011105797
470.785337272614
578.467131943004
576.818968376831
532.501775149614
535.362598895409
522.663516657843
491.497330739536
532.008764331202
494.425030960918
540.713022113235
528.953627059439
580.976874518552
599.374014874085
546.594731664377
546.719523881666
515.651469067229
515.864259841234
558.214927331995
533.534029101756
526.607926332267
551.824268281453
496.487472110145
538.087305904762
552.858178814595
492.222919691579
535.439869707279
559.087518644028
567.941818414679
519.320297994019
517.80520568483
516.777398531098
598.248696048649
609.380289147837
514.868640428652
617.594065016843
453.460231349496
592.027524070071
558.775548234419
543.66243606788
586.748346913299
471.853737241949
486.021587655141
575.462701298715
510.935746258413
558.734343442723
552.490839022822
558.250317004953
536.064528348251
563.938537761069
508.147476421222
522.145192331995
519.372001840127
572.266211011464
539.533492616934
531.691374491304
577.720427983917
454.73417228486
537.488244505865
586.160239962386
526.081134134227
577.768800550358
540.471137050074
572.683456054432
535.373347338866
501.426201888588
557.249693857719
570.493140539151
551.397696583258
534.21214943654
563.043938360714
523.053505197623
488.011190057348
521.365397646662
500.831810987604
595.365886670984
558.926383695024
455.662823063209
486.992490359242
540.043909100703
524.390097862021
599.392394509095
495.807393427761
559.684901852116
530.390886034663
577.671461099596
547.649578250219
526.341910207173
543.438326107879
534.805476072061
557.392602204074
505.243071152189
555.559803345128
543.342879758221
583.170496840755
457.512341644534
539.162320878124
559.993287308423
521.17507562689
597.521016475794
520.760320012052
520.465712272381
601.651381312802
621.136652852247
553.38770526824
572.28131315749
556.308902615223
507.304696928246
518.550296779975
541.749323934
488.542804561474
558.658506395382
545.119577463022
533.966053539268
553.546569398257
562.904314076793
591.134828844105
498.983454007555
600.43279817289
504.866448606281
613.09448640083
578.115852683662
503.501973032897
522.507167616152
537.811192649479
495.068348915689
575.238499356542
499.930099897109
579.492689528956
564.364608094508
571.368454432212
491.75566243726
494.903946085463
624.721867080531
510.145423795929
554.51390736744
533.575931558569
574.805334748928
598.048276491706
480.867585583393
519.050983288955
525.526227441768
468.535042288313
487.423232676022
545.568011650483
540.220225476827
549.371930897814
507.021494242897
524.224165171508
527.28333132526
563.343858091342
541.487714820188
535.369299767743
466.541479479671
510.996966388768
455.752656419286
561.900073649974
546.312600412512
482.811256456217
615.202463824887
548.004594672812
558.881940519679
478.977104940625
530.951342665307
545.870477829004
566.946797557473
528.009428522767
526.009765563
543.809536906097
550.018092386955
555.949474294043
625.089993613908
549.398594437348
519.831113536972
510.223418061124
561.550943863278
483.01563849714
598.275617934435
589.947082974074
554.990151221562
532.251202095279
505.590175477471
571.486467216251
565.604126358224
497.517322317755
593.737491833939
488.112594142568
480.930537363327
499.116030951311
539.826292396571
516.603868064545
519.262559868854
548.062056067617
496.774325032609
535.4422039434
519.117271122351
497.693361015273
471.997882491639
623.448386522158
533.545198634754
508.161835923425
530.095377305692
486.481618543346
502.603847418719
487.837994818579
560.169157319082
538.362519604295
461.269608250445
532.469933422268
514.170054167937
542.016213002596
488.157155119329
504.110002404635
495.756585452329
558.366589102087
550.161637222994
505.125351277666
485.301728672038
557.199897937166
550.502311670141
585.70823159183
524.632645374196
554.634242048835
548.327128119649
552.804699025916
445.11041168264
489.022318418648
574.400593159761
505.687057948293
512.681676474838
513.563612054993
569.283149104183
576.342613849796
479.5390381513
543.70071308504
511.096439302787
516.371688573227
574.70811656065
492.965638060669
453.104366111904
526.87795452646
452.330208084858
520.969521835936
544.962407607417
480.937664325977
505.198020709935
521.203062530744
513.1932543436
520.748138541674
593.351294421095
459.761449519925
553.956736916625
509.064240520776
574.16461267001
485.219620919709
528.288751119495
513.839322228463
554.359821891013
550.632761445945
522.383112778016
489.255189213184
538.608025743524
539.607562846928
483.888215788402
582.002075829161
612.473909814328
517.365501478442
543.076647507788
529.81594242185
528.326004125654
513.10475263822
555.923248348254
503.165036060852
531.631053307892
582.581876097833
622.345614085278
557.319409759049
572.464546919602
541.922958953793
515.588408928628
511.996115668801
525.277252339356
550.728673492505
491.327110059636
604.913669409056
549.203502184831
611.59748690933
544.39774351167
454.942670352862
528.562225044512
492.55889821331
522.97734447385
570.175198091629
606.333664492384
599.901423088431
475.317964686597
561.772550483441
472.390254827135
577.25152926611
586.643111068909
500.117704088153
507.669868065565
521.44050447082
577.193557381203
503.791711686675
603.703691886716
591.936981556967
571.027327828519
573.117388748166
632.350760312032
601.486737308718
577.930917666374
589.325355896103
457.296711408577
452.326681746701
525.696243638182
503.727305154034
521.595879646047
489.801735263302
511.510894056455
574.316307271554
519.279991922538
532.199043941315
501.99110915514
578.002671623974
537.788274453881
540.589222706669
474.714705984189
623.248138066343
485.180068753352
487.125402002781
549.606373939429
550.182050967518
404.643098441156
550.250089710879
485.208666211653
572.028576979331
560.297918989983
487.373931410521
464.214775131234
569.693429720593
550.58394099675
539.317923008432
511.056128024675
532.971030181223
561.566390810045
579.628503089749
518.760887051292
583.308454716717
586.274227379831
513.730939940752
553.583757185142
513.118534363297
618.605695597307
513.466428546882
527.53727719531
542.785910731551
557.993523853588
527.437932121855
583.844631503908
556.758990560582
541.542383801703
600.374852847087
566.533743164481
528.481292154189
496.849724095658
541.553971784714
558.11465299741
500.75562297726
500.896318597521
567.998572135336
521.461875805085
534.535832616695
570.684664108191
444.932070813767
515.182643255012
532.446548485318
507.519958124891
541.501791548423
481.678999099145
525.421973639924
511.436259123492
546.693771474253
489.666360009442
388.457529440992
548.647352070173
545.204405329581
503.192084652759
589.645466617001
535.339105930122
525.710244188884
557.253510826125
537.899146683742
470.406577115711
576.61267737667
523.120961850482
527.343826274977
515.305136464859
520.617388615078
571.190051079199
493.800514949228
556.863620467229
540.183565380688
595.622907892542
526.270734765488
561.924433945187
494.038004137736
514.082360493854
484.818204542284
561.354255769024
548.635321110331
523.608288013246
530.607873207267
572.259002490511
648.435332502389
489.278350795101
543.767480593387
524.512741404983
522.687876726313
524.699913889792
482.267490952506
467.382668675253
501.329427497376
512.762801969905
551.538487986466
568.800669503985
501.153346538699
526.818645895967
536.224085770826
526.862773653215
607.842999757376
491.316777223098
548.146749714446
563.02400877095
546.380094367822
532.828627755794
584.220113987416
551.643222141965
551.622119351237
549.567535445309
547.393739066423
545.566317026359
607.179574360521
555.892433824258
498.550833511601
530.386847738791
536.193544811189
515.861616709498
517.865353506946
568.587669346958
537.220052182595
539.837901990254
530.760779012486
549.107224563727
594.682185430597
588.515123368089
559.206434009665
547.969464255238
596.084151523737
476.919786875829
472.057717315461
491.564402929081
549.240937503323
589.315878947558
508.732526070718
526.438263493992
506.45989516236
505.297411146633
504.894143067915
531.045099262176
544.305712547793
545.46761893963
662.074695657198
517.674607919705
493.394523245387
465.898953733354
586.688256867395
556.229713584788
549.41455821776
503.181494530056
498.501461425002
536.929826530587
558.937087614474
530.936369714012
461.148289937502
548.581724743462
488.001162238643
536.991834366382
500.101298073078
550.941540568213
578.385945036908
568.523906718629
539.227057372202
597.457016030667
463.389541990263
538.705851011395
596.803172968237
534.889781055639
551.762049608545
556.199104123612
586.370946486221
521.239135109774
537.921833581498
482.612670963302
518.642500351493
488.53712523428
492.467688049835
584.489136356496
504.584715090572
537.711532373152
538.159913154185
572.516845962778
552.809245632069
508.478281734597
509.462782676472
586.617934833334
486.932988985337
529.999384203627
546.230951751445
554.227123222159
612.248211147734
546.814173772206
585.39283718332
513.733186292358
550.457102864626
506.257629364057
564.585481724536
539.971102763513
540.467281508419
585.184978560042
572.095448646622
548.824161790808
562.550032255285
514.576190824955
548.527771955059
597.377919345838
608.037768002452
534.445572864592
493.263723155234
503.567569971799
489.111400989625
535.881732800532
486.415323152906
553.055355930396
544.836148244635
542.985947214228
481.925567027565
460.204001778159
531.650168144252
553.256247899918
532.22631995807
479.150605734114
491.830738529156
587.437627741941
581.525876544306
465.054302084471
587.160316867751
553.819438240757
525.363667481408
485.023668747592
525.91021440282
555.60323427111
439.364493476692
581.665279840077
546.013944754368
527.352306538261
555.599843566251
579.800946711109
494.368935838488
501.69867239559
583.177126732351
531.076526428249
549.015080577729
435.59442046215
537.160530816156
526.860454696447
613.757042202789
425.613139400222
562.472015581488
502.770576794878
543.712051003663
481.204814705169
529.099468126893
549.234607835578
532.481506638876
563.916599249999
538.531251715044
521.289745022836
548.978822168767
524.230315396651
565.466265883462
538.776031394249
594.652369207974
529.917998621179
474.123806865378
510.501904263116
551.344353950793
560.140495275282
495.498579811179
529.94043612263
485.961875657143
461.021281892449
517.072533688355
498.33819436486
591.31473000787
574.282199803852
503.290443745952
547.998289521656
465.350414723479
559.416718609313
540.072118690454
607.035136937064
559.852156449541
607.000855067705
579.793122528229
570.177458321745
538.441050322277
569.325265847017
501.771881060219
514.060513751932
561.084049944076
517.647743066638
523.225879024584
482.103043343259
569.211438600001
505.729546052667
510.735030969077
520.720150837542
556.897853374617
532.618004103272
465.823494779791
536.356006277391
527.806627258694
593.426061858669
590.025250001333
537.333527464102
559.758787949362
538.72206413873
563.544125268218
513.077088820319
584.873595058772
588.510471229513
531.022533626128
546.645059482161
535.271134118565
574.484648090552
585.537296547343
531.66921416253
558.300776247802
461.330972623521
527.605865439525
568.497052403567
462.88775207755
498.096577103171
520.699825925029
515.293777201891
555.614956923831
516.903636665847
513.34161190573
559.10986815066
540.711862688746
534.492103948396
536.53446759119
541.070296757596
446.307164681098
550.760303097576
565.844532522525
534.188470500598
544.68400439911
500.656272770109
605.89820731757
520.716809178453
518.306952970862
575.269212551228
554.202304140583
599.459961629634
587.939714215846
543.821165492178
583.667689050485
561.811104334881
522.471983398474
574.320051459888
496.589774489118
506.245005728365
526.829823572968
494.503359439627
581.911719784146
485.383116249303
542.439243604479
520.765742413838
528.808626076548
436.016420324255
550.09466222013
483.398368806021
585.429432018289
497.58318447338
577.922584606921
576.474314034272
505.816454026885
546.188206338091
587.660568136272
575.045528746137
550.141872206505
471.510834567606
542.83009491845
484.715076343497
509.502684979567
568.533566592945
563.157502545001
513.542253692687
557.917185285073
500.974962105999
523.025586276147
546.326842490253
488.379798803377
561.28577056153
500.650771849421
600.349772487576
537.512611780794
510.231986548333
549.266363107901
492.553265202874
572.988720028556
518.112632347374
557.951714112188
482.426398552974
549.714219171357
551.744441615666
544.505158774765
489.315613132985
556.461790064522
531.815976805112
558.124191020798
491.193336795502
498.1219032526
464.878090339493
561.232639816631
542.136113608679
529.425840979507
529.910891849668
543.839690447277
494.233642291521
562.378226694074
522.675368283134
501.182869847516
498.047301297454
510.883535454131
524.957971518692
551.524527546215
562.205206223184
519.058015804964
527.292505973894
511.521211752197
529.858320407167
501.043779366817
483.782366320276
487.116614871311
557.636088009217
503.280522114934
571.219427571702
520.560950676498
565.304718119147
504.657002233163
518.385673237553
520.865491286418
470.008526744795
479.582903226322
567.783461474476
550.021732636188
536.108949720768
590.889900659115
495.09937395939
508.42983230334
455.906045011784
498.878143542029
542.417325695485
593.054164716035
580.660691148171
520.408909332595
483.308201518853
511.083192165772
519.639450948468
489.305936345462
583.284438867058
491.026160811429
515.169822244755
527.868915157834
499.607903167736
583.415887866593
535.481492535514
535.285988379415
569.097831464857
507.118032026658
503.615732833088
577.837716415363
574.906656125415
453.133048605391
555.899516693076
435.415866494827
587.714218970633
537.120694093922
545.207431736855
554.655361553944
596.443235609205
505.115772625781
553.809236456763
541.133369974801
544.851640076284
518.393567302859
483.489599360952
477.936283716979
509.293696280425
568.011106330522
529.102061746924
573.368303296718
561.704968074959
429.995298739875
489.762976018227
578.673798366454
512.163478646324
497.486145763757
545.674191028388
505.133438512855
634.50083719397
553.332380092177
485.888921865774
503.546247113153
579.917894828473
524.903293407158
495.29783349924
539.724801560349
564.286376622472
539.085475039405
550.517094123251
577.882293873958
517.220431870132
529.982941196656
574.514913516479
467.937891916214
582.898900824097
544.515995075506
552.045094373673
515.75998846131
564.433303241001
573.592136060635
565.229238033097
541.976976146715
622.728239480406
518.136148357258
547.276884482341
510.935782794529
617.435631269829
542.316410117414
527.636056576364
547.894759515432
513.001340237483
619.478409451517
450.686069775702
544.219571402719
536.457217032596
536.83605375592
459.907879096082
477.40494105255
497.995136710074
608.306516541345
546.410039683768
487.978942221788
508.673088199265
528.929200600851
585.026124006479
588.35735690049
577.098614662087
603.289341613793
597.976929174892
531.302268502752
588.688114794909
519.802790554347
489.782985892944
555.959378129814
536.702191741205
507.665251467332
518.43781974523
478.272494930158
513.305687949683
572.491075815174
488.766082776383
502.157064801001
482.570081450718
543.400914359362
503.787908792934
535.184747257324
544.439067024905
639.701248044523
563.938238954993
506.835990231779
549.39823183202
531.128962591042
477.965334086407
511.965810849408
562.345862420374
546.863450294894
550.096622928212
555.751681504942
543.50236282679
542.328902274121
553.559315408562
546.04508649934
559.799829135147
601.016940237243
449.528736600677
562.07367629205
550.394226128592
505.230126005149
484.97887624114
505.388421465367
524.577999630241
532.9199765411
533.762518957021
586.541210236902
516.232912166281
417.561189626634
521.72301553849
535.649395708765
563.730365989912
527.613172647433
519.94932036805
560.711238145197
523.916110264427
558.816176363559
520.537501150445
535.335145251316
546.038355613154
497.388321811307
547.983536527205
538.041780762954
534.606857579775
499.260332487763
445.896913183865
551.718838494396
495.958389656585
494.21782183434
526.397076334807
587.691848470406
587.524413004375
501.746177329123
584.565994369175
535.985081501839
523.734796508865
553.144781675547
614.32111485891
592.734970080875
510.67100221617
552.991003102916
446.677844734035
481.255872690911
492.4157484268
530.261757716915
606.528986630824
511.390651917985
517.061969114366
513.820881766365
512.512294777808
542.570393772877
576.179393789189
546.532012451606
561.613415930507
575.2125810288
510.439135342533
516.125833147738
578.163669354969
593.849558954411
562.810711478492
533.01913884744
556.612356466901
534.292753767417
520.23522480127
508.649700997778
513.189623370925
548.690148182775
552.882136430292
550.132242160328
578.004492099596
508.103133083642
586.567037008134
542.58818100935
514.350892444399
447.050823790273
542.80233605866
512.380185894305
545.900500888129
575.892545473085
516.335594923274
505.63480117945
602.9043405542
597.485210634135
525.565547993226
560.602880923751
487.003871940495
553.005491642294
548.841213531247
480.7620747965
501.187533054214
547.476266548236
557.206515806894
553.8652761951
539.323734286097
557.66489983278
579.948562006454
606.524878068916
605.852717535049
669.14619737584
543.830464915411
532.381647434297
584.814799699852
557.724190724377
454.052322712597
521.409430853383
468.407848224388
605.404295714996
537.121171555515
519.4659024882
458.404170974603
530.670362612393
601.809794067461
500.406696217216
513.114784028071
519.325826805362
492.97097613517
450.34142218932
525.79340817209
525.74980764817
545.631074404981
562.05593832334
540.691470511516
561.294469728687
501.396293045765
568.506958419644
487.605764757366
523.747862978138
545.016261721034
514.226144371041
613.451746082449
510.88744216814
484.674316744816
501.255151310754
517.802717740221
516.131372818153
546.502239590596
539.517507545497
535.711412719437
545.677280127423
539.624657859314
516.057376875915
521.513801739218
591.724231024654
611.380888633141
595.799095937756
527.899341045994
482.21601907536
547.355741112564
536.868490000961
561.846183902798
567.893652467549
598.778550142495
614.170899143499
501.744565630176
564.735560239115
523.923370212663
554.243575144253
519.371039377541
542.743952854305
564.420400814935
536.568748019005
483.438260754407
560.01367448133
488.717192505335
534.16352751632
554.289112404084
536.144947485899
583.404482637219
560.702782016769
537.986566585252
448.740245569713
559.942980096608
535.648060764122
500.047573951367
514.987835214249
477.410419334637
570.512302962357
453.094314722133
459.773808039642
568.389489280309
570.690244682495
586.479330964098
559.249640285916
567.446390428708
478.577497394225
504.408190444365
572.271901633545
546.363364588414
530.297147585353
613.209122649384
511.421005371063
546.951387842732
576.331352949552
572.477067288863
511.518958162519
536.967693690023
509.143664091197
591.749701652834
527.925059027204
521.544162847734
539.259217622184
595.954817510071
532.657775033587
562.242434979572
519.438693639191
514.728000984569
552.206089652009
566.987044019221
539.521364354489
538.108645737233
564.245056827013
604.439600127047
512.609023436543
420.529268194239
584.725893904979
517.033712932444
534.923236071596
531.305981482902
462.643995887124
531.687485017434
514.104070458786
592.470943027145
476.561472968216
520.169263489172
564.203683324645
525.772580741978
526.448485671992
541.263217595933
577.650357623507
585.756545837698
497.708768195141
558.395630740136
544.582979795014
538.477008075002
488.252338929957
606.467936598104
537.666258192523
604.887671420011
586.136691283585
581.914226311885
516.31471199225
491.82592622957
524.722844323261
544.197459023133
576.421696492726
497.123430307172
505.353058145987
475.717236846512
515.896380986052
552.776563960952
474.926569155595
564.673037513766
530.874713738415
528.971559151346
564.650053242254
577.74322389905
570.211147975303
499.962694530624
585.810126439099
502.204454164496
558.759848412677
510.317328790518
555.992473983024
560.308550680413
476.183412482138
555.996282664528
524.298777475395
609.086143738531
543.24850454966
546.450848609319
580.433447357773
478.862473860034
555.761132226448
465.610516120978
533.139789071367
507.954709488918
537.65664673241
625.420998362417
535.337262505241
571.45643265358
549.898840250148
529.40371990425
538.101648868683
495.377318694263
574.367922577704
540.495720152354
533.21969919727
528.913238890523
497.063417892157
556.092085880665
565.492404166124
551.168624992947
523.904116257318
546.276756821415
555.569852200046
517.838159836125
545.33529394642
517.891863783542
515.532286558577
552.184595706285
533.630668447541
555.846479076843
569.889076252209
462.599743033805
510.616317602804
507.805258256899
489.628573207683
518.000543261561
570.512841783786
547.397963659147
529.103903996212
510.006370650265
455.702586088244
475.781138785418
507.450980946914
557.240844243632
537.242983058713
568.012512286781
569.39643444937
538.23262031144
525.995965695234
436.218253804981
510.281194803108
566.224685804421
593.071596621697
462.755691181019
534.062733649871
555.9545629508
563.685567937933
549.347713932525
512.115059378172
616.257951753031
549.677468580994
541.403594672218
578.16662974006
459.24601292768
531.933719607142
543.137423285411
571.151539537928
550.46126678778
531.896041000354
507.085193623522
485.059792170243
560.902349345679
534.884646723932
436.425953730348
518.45048394609
564.768001893999
459.87474125925
551.505724931121
518.562379960126
610.724278564524
504.425213674484
497.115398063688
526.090223591284
477.71509734272
530.117844313808
618.36662519435
625.963680009656
514.234268871501
476.454080927746
529.539165159993
587.955257476745
505.343214605782
559.828400038698
449.366143507986
475.130918175621
607.195430435566
451.678907719179
500.543958064341
541.031989573302
600.838783348217
498.558019569731
426.138797152031
524.699037931718
582.530190724189
494.634090447394
484.973194213604
585.165414685067
621.116804352032
515.03958444078
555.732324726333
511.983855125842
586.847588176327
605.258696570887
524.877862880429
551.000393574795
594.851195385205
518.342470643012
554.388315075111
480.409711232822
523.789545661327
562.420951308426
546.486603479798
546.484409904023
553.118299078914
569.77912318871
481.322415604891
462.802551766007
506.237535445286
544.310528057656
545.860555189843
547.106684657381
568.851072365491
540.953032227801
553.596892398904
530.979761977536
500.305061567131
535.734228323593
547.307908195812
564.258737293226
518.801578803708
654.045291266326
509.518385862262
551.248377783923
560.515512712404
585.406813832288
605.530348900775
533.78634811815
533.448008776138
611.182947761524
472.297675549366
537.140322402165
533.434285108964
482.757010097969
593.796518271172
506.60960865371
521.013885468366
533.510320983204
521.424356157513
540.121093843257
505.950741313629
560.805402372156
622.759530359012
554.296655048382
523.234580759441
569.559246851047
585.438725237489
545.19494130908
525.065173237415
564.098982344555
526.028909986233
579.820188627931
570.433502597399
498.322225254435
537.333527923946
578.119461381216
508.96291477401
479.518297075379
524.226954271929
501.776694633284
522.003619503595
422.407100624971
542.047735601435
532.169781708138
533.956001432763
556.845376568966
577.058856592563
482.428894104042
532.269805101651
475.823792771414
505.620079067942
550.135434564458
566.725666793299
550.245835075497
510.754454127722
537.379961995416
511.653112808892
577.111970257939
541.211344298698
603.060318891646
548.879544872581
495.142734339255
572.1709570787
508.49219006536
555.985271907805
563.497835350336
582.811814058651
524.541489530779
507.711526540805
514.142182998266
560.313031234385
524.057635690106
612.446867450152
544.931542629287
529.356682185537
569.122388096313
443.103696833911
493.318615968006
512.67129196366
469.712046629131
541.159284533999
509.070506791702
518.547125645268
610.572764015
483.352911449277
523.115181868291
544.477570656562
460.691308221295
562.327030672999
520.852441566406
550.996902852396
559.079078875714
567.477447033418
559.355954237375
469.300403647641
559.658706585098
558.838358463619
536.125755048572
516.138733955059
530.961421271252
589.921090394354
643.090447024843
569.104223788461
541.490784739269
529.716546080597
539.396471911386
515.822491489061
588.812617775846
520.088376826156
611.64619870469
605.785024597317
577.796615722534
602.732734231255
536.463935249445
535.54700704633
580.613662706095
564.955309175533
491.093497378091
544.876196008089
539.447202532822
537.65170886518
518.021111302928
482.691451089474
532.317607040168
553.522905628375
533.927576753622
611.536364572866
465.174520766748
532.881222398099
477.561237606307
588.998931489804
523.787780176207
551.706768979805
470.889950725805
496.916154021208
537.55205971342
516.258100893981
506.653529068139
521.586138146877
444.932718693755
513.212281278585
498.78656141882
533.487115318286
591.754209270588
544.532444275469
581.54954400088
574.076717724146
549.085241095391
593.88610936023
487.015112577402
459.745905285581
548.371449974669
545.910843977364
634.051324251481
610.792641957366
535.826280665366
634.027597946865
528.72739444493
536.827994876203
523.285628833098
486.577885932544
486.690745026991
534.221038729151
567.161235525294
494.82171843242
577.086429863627
488.639436008766
529.972645704299
560.988030485822
589.627003289021
555.774344412774
519.199907317392
546.456326661031
519.448581491731
469.462663334029
515.642099156897
524.28429944814
586.51243950058
553.206397607893
526.773095659882
554.080069343535
507.003754546918
470.776590029866
588.521733725037
506.453090967325
524.495367599794
452.131739907836
507.303937169816
509.547436259705
513.610089123545
565.735124014936
564.052319246375
489.686402578428
581.396955518038
566.449317224211
510.903407542009
570.233663094727
571.864697354997
527.466430745032
564.893524068986
540.235749522605
623.47256495996
604.108083994118
594.578124136472
490.186846620589
541.097015861476
578.254519147059
486.546512528271
610.530091878853
511.437591861644
553.309919832626
591.367139167627
500.791011579783
498.018747126959
509.63431142608
548.05868547703
657.409656537209
507.224628260533
575.982886303948
541.859802009526
550.198011423212
495.878295011189
567.509109107474
519.129169673932
507.335394755387
517.596921910409
579.940999042305
503.330318413534
554.153747322333
601.310909451613
456.518418400426
559.92027291577
507.327515687186
532.897964034487
504.094913723312
621.061834882889
593.046010626641
552.251874051339
560.808556584396
635.060528762067
505.645621595146
543.92868867147
548.770259472027
572.160605867824
525.43764639393
575.37198201961
469.103809144086
504.739519120354
444.467945466516
500.454312495228
506.603279858378
542.680973737542
498.863642497943
471.868346151372
539.681485228784
557.585867780652
560.058475892298
491.619060603445
536.268618134246
553.413140444813
498.287488833996
520.799809587311
515.56355007108
502.707594426566
588.769451388434
553.042609960885
544.852465578161
518.587943681687
564.970267310938
527.684547281662
553.330435934837
562.323160845387
532.970577396783
658.197287652457
535.213639100582
552.536876950246
521.397365476811
536.274996088637
521.275794768039
554.811927331495
524.706717479174
501.779478818167
542.6646512076
529.12758236751
539.332940569752
501.167875862297
510.528293281846
579.117258596443
599.456853882886
595.757793128244
548.871787254907
535.58247343671
533.553535274716
508.440417466293
585.447438804648
612.437012719858
550.230737988856
574.502723558228
522.861282100616
548.257724203404
581.568337384585
594.191722141593
578.90357135798
496.869734899062
593.854719887765
588.118415269204
545.492983998066
540.225598162964
560.903620549062
541.844712245043
582.658927332798
543.21681108156
545.137112139731
476.47646629989
519.415961260402
551.149261680258
523.030706861584
526.294486880968
571.800924420268
543.557648088948
587.200217408756
534.610141472282
549.893124243335
523.199666896479
499.233766949012
505.648645945869
507.301933611065
446.459771344173
524.947764675683
520.179079548546
484.058549165135
546.681311476171
520.485685345882
511.545307427062
560.062417859998
552.51460558117
553.040381762551
527.504336923652
501.333125635695
566.996119805738
562.580539599614
551.264704939005
572.183562928739
535.249103831263
538.061826403774
491.652301339528
511.142642009236
546.27718252744
514.527905547878
541.289709809669
579.875262789536
557.345013196059
502.735318907633
510.590478505978
575.932187433466
492.887943981401
584.084595594037
573.936283745768
555.99190664722
585.310754869399
498.495834887621
539.318023986886
501.621447564377
513.520058958916
