"x"
-0.382924922548026
-0.408841402504972
-0.468938502964839
-0.408478541276308
-0.350817617820907
0.79
0.118120885143933
0.0676803165082469
-0.0259164799569463
0.00245032041425651
-0.396693091083228
-0.471680290755406
-0.395327480747708
-0.329448914299215
0.923
0.142231376456191
0.0359552688385682
-0.0137681685352022
0.00185556680308099
-0.393581699453981
-0.46919258065669
-0.392137258425978
-0.326200233103232
0.962
0.142992347553458
0.0278299381378561
-0.0106567769059549
0.00128090392693697
-0.422182878155359
-0.540282930830986
-0.421674033002118
-0.306831490724322
0.977
0.233451440106665
0.102521286277492
-0.0392579556073326
0.00351176049250734
