"x"
-0.382924922548026
-0.407460778641763
-0.467226679553807
-0.407103409004184
-0.349716369652244
0.802
0.117510309901564
0.0640748477024494
-0.024535856093737
0.00242466630347584
-0.398692949654776
-0.473429226322562
-0.397366886670117
-0.331496452645427
0.9475
0.141932773677134
0.0411778554444248
-0.0157680271067502
0.00139980525675178
-0.388386519259253
-0.462720813272317
-0.386971460276632
-0.32209696251935
0.9635
0.140623850752967
0.0142628395009779
-0.00546159671122688
0.00111972371578668
-0.416302204190028
-0.533191249088301
-0.415783164534415
-0.302234830688915
0.9865
0.230956418399386
0.0871640357590342
-0.0333772816420015
0.00285533595194258
