"x"
-0.364102038264724
-0.363374428657592
-0.4198273166966
-0.363048548544209
-0.308787184537513
0.688
0.111040132159087
-0.00199836730000193
0.000727609607132276
0.00326307296053771
-0.338405856561673
-0.406251581257575
-0.337089166759565
-0.278028974187139
0.646
0.128222607070436
-0.0705741220936769
0.0256961817030513
0.00433622893477523
-0.352653384799353
-0.425807698694152
-0.351068060924833
-0.28835078566524
0.7555
0.137456913028913
-0.0314435302805088
0.0114486534653718
0.0037047988082933
-0.356393748713928
-0.477663509892446
-0.35611470827193
-0.236565955092348
0.9755
0.241097554800099
-0.021170684974831
0.00770828955079633
0.00266596551331218
