"x"
-0.364102038264724
-0.392855157437661
-0.453316629946969
-0.392497474230322
-0.334414710531867
0.6475
0.118901919415102
0.078969948396805
-0.0287531191729368
0.00449594311631191
-0.414343854010865
-0.49366411978976
-0.413123384866348
-0.342061410532548
0.5935
0.151602709257212
0.137988284782992
-0.0502418157461405
0.00778106826604645
-0.420317415817505
-0.503646840990172
-0.418887282364145
-0.345123734785453
0.5995
0.158523106204718
0.154394569776917
-0.0562153775527809
0.0082282941774999
-0.391345909300585
-0.514776673709452
-0.391602642624795
-0.26629264622493
0.959
0.248484027484523
0.0748248242874506
-0.0272438710358606
0.00387902523726577
