"x"
-0.382924922548026
-0.384226118359989
-0.437854108871942
-0.383993946656298
-0.33193459072331
0.9545
0.105919518148632
0.00339804419964357
-0.00130119581196329
0.000686584985441667
-0.38388784745656
-0.451184670609871
-0.382817810134521
-0.322674927075976
0.9765
0.128509743533894
0.00251465718691456
-0.000962924908534097
0.000824219546161576
-0.373786568069439
-0.439988147472763
-0.372681371656601
-0.31384196183698
0.9715
0.126146185635782
-0.0238646114172445
0.00913835447858708
0.000814421957159758
-0.390449715212261
-0.495491365011246
-0.390364142284526
-0.285819067361992
0.9995
0.209672297649254
0.0196508302832932
-0.00752479266423445
0.000929318948897221
