"x"
-0.364102038264724
-0.368371456101351
-0.424105766617529
-0.368112920770441
-0.314105628318713
0.717
0.110000138298817
0.0117258828238772
-0.00426941783662701
0.00279124437286345
-0.396519436380598
-0.470322326035249
-0.395491865925123
-0.328499415340557
0.6445
0.141822910694692
0.0890338276335158
-0.0324173981158733
0.00615888237859875
-0.400915920754295
-0.478222252928768
-0.399754702956656
-0.330226797226218
0.661
0.147995455702549
0.101108696520958
-0.0368138824895702
0.0062793203083145
-0.368942864453698
-0.487826079847524
-0.369228878161782
-0.248287575827591
0.9825
0.239538504019932
0.0132952460580669
-0.00484082618897319
0.00242948042916393
