"x"
-0.382924922548026
-0.386514147516197
-0.442319268195703
-0.386242644411376
-0.332265737556827
0.849
0.110053530638876
0.00937318193939368
-0.00358922496817088
0.00155369777158115
-0.380894338258743
-0.45002610049047
-0.379797682265758
-0.317999351213785
0.9195
0.132026749276685
-0.00530282614088201
0.00203058428928289
0.00134105393848407
-0.378460538711159
-0.448698833879476
-0.377250919298462
-0.315102285587716
0.9595
0.13359654829176
-0.0116586400466188
0.0044643838368668
0.00104557270717749
-0.395848732022087
-0.507192278047696
-0.395592113037865
-0.285838705118995
0.9955
0.221353572928701
0.0337502437503015
-0.0129238094740612
0.00149613861818711
